#  E (eV)   dos(E)     Int dos(E) EFermi =  11.342 eV
  -6.173  0.0000E+00  0.0000E+00
  -6.163  0.4585E-02  0.4585E-04
  -6.153  0.1834E-01  0.2292E-03
  -6.143  0.4126E-01  0.6419E-03
  -6.133  0.7336E-01  0.1375E-02
  -6.123  0.1144E+00  0.2520E-02
  -6.113  0.1610E+00  0.4130E-02
  -6.103  0.2107E+00  0.6237E-02
  -6.093  0.2291E+00  0.8528E-02
  -6.083  0.2422E+00  0.1095E-01
  -6.073  0.2500E+00  0.1345E-01
  -6.063  0.2525E+00  0.1597E-01
  -6.053  0.2596E+00  0.1857E-01
  -6.043  0.2777E+00  0.2135E-01
  -6.033  0.2961E+00  0.2431E-01
  -6.023  0.3150E+00  0.2746E-01
  -6.013  0.3343E+00  0.3080E-01
  -6.003  0.3539E+00  0.3434E-01
  -5.993  0.3739E+00  0.3808E-01
  -5.983  0.3939E+00  0.4202E-01
  -5.973  0.4130E+00  0.4615E-01
  -5.963  0.4305E+00  0.5045E-01
  -5.953  0.4460E+00  0.5491E-01
  -5.943  0.4592E+00  0.5950E-01
  -5.933  0.4704E+00  0.6421E-01
  -5.923  0.4847E+00  0.6906E-01
  -5.913  0.4988E+00  0.7404E-01
  -5.903  0.5130E+00  0.7917E-01
  -5.893  0.5280E+00  0.8445E-01
  -5.883  0.5437E+00  0.8989E-01
  -5.873  0.5600E+00  0.9549E-01
  -5.863  0.5769E+00  0.1013E+00
  -5.853  0.5939E+00  0.1072E+00
  -5.843  0.6110E+00  0.1133E+00
  -5.833  0.6283E+00  0.1196E+00
  -5.823  0.6458E+00  0.1260E+00
  -5.813  0.6633E+00  0.1327E+00
  -5.803  0.6813E+00  0.1395E+00
  -5.793  0.7001E+00  0.1465E+00
  -5.783  0.7197E+00  0.1537E+00
  -5.773  0.7401E+00  0.1611E+00
  -5.763  0.7611E+00  0.1687E+00
  -5.753  0.7828E+00  0.1765E+00
  -5.743  0.8054E+00  0.1846E+00
  -5.733  0.8290E+00  0.1929E+00
  -5.723  0.8532E+00  0.2014E+00
  -5.713  0.8780E+00  0.2102E+00
  -5.703  0.9023E+00  0.2192E+00
  -5.693  0.9270E+00  0.2285E+00
  -5.683  0.9520E+00  0.2380E+00
  -5.673  0.9775E+00  0.2478E+00
  -5.663  0.1003E+01  0.2578E+00
  -5.653  0.1030E+01  0.2681E+00
  -5.643  0.1056E+01  0.2787E+00
  -5.633  0.1084E+01  0.2895E+00
  -5.623  0.1115E+01  0.3007E+00
  -5.613  0.1148E+01  0.3121E+00
  -5.603  0.1182E+01  0.3240E+00
  -5.593  0.1215E+01  0.3361E+00
  -5.583  0.1249E+01  0.3486E+00
  -5.573  0.1285E+01  0.3615E+00
  -5.563  0.1322E+01  0.3747E+00
  -5.553  0.1360E+01  0.3883E+00
  -5.543  0.1400E+01  0.4023E+00
  -5.533  0.1440E+01  0.4167E+00
  -5.523  0.1486E+01  0.4315E+00
  -5.513  0.1539E+01  0.4469E+00
  -5.503  0.1598E+01  0.4629E+00
  -5.493  0.1657E+01  0.4795E+00
  -5.483  0.1715E+01  0.4966E+00
  -5.473  0.1776E+01  0.5144E+00
  -5.463  0.1847E+01  0.5329E+00
  -5.453  0.1919E+01  0.5520E+00
  -5.443  0.1994E+01  0.5720E+00
  -5.433  0.2073E+01  0.5927E+00
  -5.423  0.2154E+01  0.6143E+00
  -5.413  0.2236E+01  0.6366E+00
  -5.403  0.2321E+01  0.6598E+00
  -5.393  0.2416E+01  0.6840E+00
  -5.383  0.2518E+01  0.7092E+00
  -5.373  0.2623E+01  0.7354E+00
  -5.363  0.2728E+01  0.7627E+00
  -5.353  0.2836E+01  0.7910E+00
  -5.343  0.2964E+01  0.8207E+00
  -5.333  0.3139E+01  0.8521E+00
  -5.323  0.3357E+01  0.8856E+00
  -5.313  0.3583E+01  0.9215E+00
  -5.303  0.3827E+01  0.9597E+00
  -5.293  0.4091E+01  0.1001E+01
  -5.283  0.4390E+01  0.1045E+01
  -5.273  0.4744E+01  0.1092E+01
  -5.263  0.5140E+01  0.1143E+01
  -5.253  0.5568E+01  0.1199E+01
  -5.243  0.6039E+01  0.1259E+01
  -5.233  0.6581E+01  0.1325E+01
  -5.223  0.7684E+01  0.1402E+01
  -5.213  0.8260E+01  0.1485E+01
  -5.203  0.8778E+01  0.1572E+01
  -5.193  0.8940E+01  0.1662E+01
  -5.183  0.9168E+01  0.1754E+01
  -5.173  0.9406E+01  0.1848E+01
  -5.163  0.9741E+01  0.1945E+01
  -5.153  0.1009E+02  0.2046E+01
  -5.143  0.1050E+02  0.2151E+01
  -5.133  0.1090E+02  0.2260E+01
  -5.123  0.1158E+02  0.2376E+01
  -5.113  0.1216E+02  0.2497E+01
  -5.103  0.1267E+02  0.2624E+01
  -5.093  0.1334E+02  0.2757E+01
  -5.083  0.1534E+02  0.2911E+01
  -5.073  0.1849E+02  0.3096E+01
  -5.063  0.2292E+02  0.3325E+01
  -5.053  0.5207E+02  0.3846E+01
  -5.043  0.1974E+00  0.3848E+01
  -5.033  0.0000E+00  0.3848E+01
  -5.023  0.0000E+00  0.3848E+01
  -5.013  0.0000E+00  0.3848E+01
  -5.003  0.0000E+00  0.3848E+01
  -4.993  0.0000E+00  0.3848E+01
  -4.983  0.0000E+00  0.3848E+01
  -4.973  0.0000E+00  0.3848E+01
  -4.963  0.0000E+00  0.3848E+01
  -4.953  0.0000E+00  0.3848E+01
  -4.943  0.0000E+00  0.3848E+01
  -4.933  0.0000E+00  0.3848E+01
  -4.923  0.0000E+00  0.3848E+01
  -4.913  0.0000E+00  0.3848E+01
  -4.903  0.0000E+00  0.3848E+01
  -4.893  0.0000E+00  0.3848E+01
  -4.883  0.0000E+00  0.3848E+01
  -4.873  0.0000E+00  0.3848E+01
  -4.863  0.0000E+00  0.3848E+01
  -4.853  0.0000E+00  0.3848E+01
  -4.843  0.0000E+00  0.3848E+01
  -4.833  0.0000E+00  0.3848E+01
  -4.823  0.0000E+00  0.3848E+01
  -4.813  0.0000E+00  0.3848E+01
  -4.803  0.0000E+00  0.3848E+01
  -4.793  0.0000E+00  0.3848E+01
  -4.783  0.0000E+00  0.3848E+01
  -4.773  0.0000E+00  0.3848E+01
  -4.763  0.0000E+00  0.3848E+01
  -4.753  0.0000E+00  0.3848E+01
  -4.743  0.0000E+00  0.3848E+01
  -4.733  0.0000E+00  0.3848E+01
  -4.723  0.0000E+00  0.3848E+01
  -4.713  0.0000E+00  0.3848E+01
  -4.703  0.0000E+00  0.3848E+01
  -4.693  0.0000E+00  0.3848E+01
  -4.683  0.0000E+00  0.3848E+01
  -4.673  0.0000E+00  0.3848E+01
  -4.663  0.0000E+00  0.3848E+01
  -4.653  0.0000E+00  0.3848E+01
  -4.643  0.0000E+00  0.3848E+01
  -4.633  0.0000E+00  0.3848E+01
  -4.623  0.0000E+00  0.3848E+01
  -4.613  0.0000E+00  0.3848E+01
  -4.603  0.0000E+00  0.3848E+01
  -4.593  0.0000E+00  0.3848E+01
  -4.583  0.0000E+00  0.3848E+01
  -4.573  0.0000E+00  0.3848E+01
  -4.563  0.0000E+00  0.3848E+01
  -4.553  0.0000E+00  0.3848E+01
  -4.543  0.0000E+00  0.3848E+01
  -4.533  0.0000E+00  0.3848E+01
  -4.523  0.0000E+00  0.3848E+01
  -4.513  0.0000E+00  0.3848E+01
  -4.503  0.0000E+00  0.3848E+01
  -4.493  0.0000E+00  0.3848E+01
  -4.483  0.0000E+00  0.3848E+01
  -4.473  0.0000E+00  0.3848E+01
  -4.463  0.0000E+00  0.3848E+01
  -4.453  0.0000E+00  0.3848E+01
  -4.443  0.0000E+00  0.3848E+01
  -4.433  0.0000E+00  0.3848E+01
  -4.423  0.0000E+00  0.3848E+01
  -4.413  0.0000E+00  0.3848E+01
  -4.403  0.0000E+00  0.3848E+01
  -4.393  0.0000E+00  0.3848E+01
  -4.383  0.0000E+00  0.3848E+01
  -4.373  0.0000E+00  0.3848E+01
  -4.363  0.0000E+00  0.3848E+01
  -4.353  0.0000E+00  0.3848E+01
  -4.343  0.0000E+00  0.3848E+01
  -4.333  0.0000E+00  0.3848E+01
  -4.323  0.0000E+00  0.3848E+01
  -4.313  0.0000E+00  0.3848E+01
  -4.303  0.0000E+00  0.3848E+01
  -4.293  0.0000E+00  0.3848E+01
  -4.283  0.0000E+00  0.3848E+01
  -4.273  0.0000E+00  0.3848E+01
  -4.263  0.0000E+00  0.3848E+01
  -4.253  0.0000E+00  0.3848E+01
  -4.243  0.0000E+00  0.3848E+01
  -4.233  0.0000E+00  0.3848E+01
  -4.223  0.0000E+00  0.3848E+01
  -4.213  0.0000E+00  0.3848E+01
  -4.203  0.0000E+00  0.3848E+01
  -4.193  0.0000E+00  0.3848E+01
  -4.183  0.0000E+00  0.3848E+01
  -4.173  0.0000E+00  0.3848E+01
  -4.163  0.0000E+00  0.3848E+01
  -4.153  0.0000E+00  0.3848E+01
  -4.143  0.0000E+00  0.3848E+01
  -4.133  0.0000E+00  0.3848E+01
  -4.123  0.0000E+00  0.3848E+01
  -4.113  0.0000E+00  0.3848E+01
  -4.103  0.0000E+00  0.3848E+01
  -4.093  0.0000E+00  0.3848E+01
  -4.083  0.0000E+00  0.3848E+01
  -4.073  0.0000E+00  0.3848E+01
  -4.063  0.0000E+00  0.3848E+01
  -4.053  0.0000E+00  0.3848E+01
  -4.043  0.0000E+00  0.3848E+01
  -4.033  0.0000E+00  0.3848E+01
  -4.023  0.0000E+00  0.3848E+01
  -4.013  0.0000E+00  0.3848E+01
  -4.003  0.0000E+00  0.3848E+01
  -3.993  0.0000E+00  0.3848E+01
  -3.983  0.0000E+00  0.3848E+01
  -3.973  0.0000E+00  0.3848E+01
  -3.963  0.0000E+00  0.3848E+01
  -3.953  0.0000E+00  0.3848E+01
  -3.943  0.0000E+00  0.3848E+01
  -3.933  0.0000E+00  0.3848E+01
  -3.923  0.0000E+00  0.3848E+01
  -3.913  0.0000E+00  0.3848E+01
  -3.903  0.0000E+00  0.3848E+01
  -3.893  0.0000E+00  0.3848E+01
  -3.883  0.0000E+00  0.3848E+01
  -3.873  0.0000E+00  0.3848E+01
  -3.863  0.0000E+00  0.3848E+01
  -3.853  0.0000E+00  0.3848E+01
  -3.843  0.0000E+00  0.3848E+01
  -3.833  0.0000E+00  0.3848E+01
  -3.823  0.0000E+00  0.3848E+01
  -3.813  0.0000E+00  0.3848E+01
  -3.803  0.0000E+00  0.3848E+01
  -3.793  0.0000E+00  0.3848E+01
  -3.783  0.0000E+00  0.3848E+01
  -3.773  0.0000E+00  0.3848E+01
  -3.763  0.0000E+00  0.3848E+01
  -3.753  0.0000E+00  0.3848E+01
  -3.743  0.0000E+00  0.3848E+01
  -3.733  0.0000E+00  0.3848E+01
  -3.723  0.0000E+00  0.3848E+01
  -3.713  0.0000E+00  0.3848E+01
  -3.703  0.0000E+00  0.3848E+01
  -3.693  0.0000E+00  0.3848E+01
  -3.683  0.0000E+00  0.3848E+01
  -3.673  0.0000E+00  0.3848E+01
  -3.663  0.0000E+00  0.3848E+01
  -3.653  0.0000E+00  0.3848E+01
  -3.643  0.0000E+00  0.3848E+01
  -3.633  0.0000E+00  0.3848E+01
  -3.623  0.0000E+00  0.3848E+01
  -3.613  0.0000E+00  0.3848E+01
  -3.603  0.0000E+00  0.3848E+01
  -3.593  0.0000E+00  0.3848E+01
  -3.583  0.0000E+00  0.3848E+01
  -3.573  0.0000E+00  0.3848E+01
  -3.563  0.0000E+00  0.3848E+01
  -3.553  0.7140E+00  0.3855E+01
  -3.543  0.2422E+01  0.3879E+01
  -3.533  0.8923E+01  0.3968E+01
  -3.523  0.1582E+02  0.4126E+01
  -3.513  0.2231E+02  0.4349E+01
  -3.503  0.3421E+02  0.4692E+01
  -3.493  0.8274E+02  0.5519E+01
  -3.483  0.4941E+02  0.6013E+01
  -3.473  0.5002E+02  0.6513E+01
  -3.463  0.6178E+02  0.7131E+01
  -3.453  0.6117E+02  0.7743E+01
  -3.443  0.4705E+02  0.8213E+01
  -3.433  0.3027E+02  0.8516E+01
  -3.423  0.2825E+02  0.8798E+01
  -3.413  0.3866E+02  0.9185E+01
  -3.403  0.4176E+02  0.9603E+01
  -3.393  0.3576E+02  0.9960E+01
  -3.383  0.3097E+02  0.1027E+02
  -3.373  0.2857E+02  0.1056E+02
  -3.363  0.2879E+02  0.1084E+02
  -3.353  0.2552E+02  0.1110E+02
  -3.343  0.2759E+02  0.1137E+02
  -3.333  0.3633E+02  0.1174E+02
  -3.323  0.4877E+02  0.1223E+02
  -3.313  0.4613E+02  0.1269E+02
  -3.303  0.5229E+02  0.1321E+02
  -3.293  0.5585E+02  0.1377E+02
  -3.283  0.5561E+02  0.1432E+02
  -3.273  0.6571E+02  0.1498E+02
  -3.263  0.4717E+02  0.1545E+02
  -3.253  0.2982E+02  0.1575E+02
  -3.243  0.2613E+02  0.1601E+02
  -3.233  0.3094E+02  0.1632E+02
  -3.223  0.4411E+02  0.1676E+02
  -3.213  0.7367E+02  0.1750E+02
  -3.203  0.7684E+02  0.1827E+02
  -3.193  0.6750E+02  0.1894E+02
  -3.183  0.3982E+02  0.1934E+02
  -3.173  0.3118E+02  0.1965E+02
  -3.163  0.1815E+02  0.1983E+02
  -3.153  0.4246E+01  0.1988E+02
  -3.143  0.1861E+01  0.1990E+02
  -3.133  0.1750E+01  0.1991E+02
  -3.123  0.1656E+01  0.1993E+02
  -3.113  0.1601E+01  0.1995E+02
  -3.103  0.1569E+01  0.1996E+02
  -3.093  0.1552E+01  0.1998E+02
  -3.083  0.1537E+01  0.1999E+02
  -3.073  0.1525E+01  0.2001E+02
  -3.063  0.1515E+01  0.2002E+02
  -3.053  0.1506E+01  0.2004E+02
  -3.043  0.1488E+01  0.2005E+02
  -3.033  0.1448E+01  0.2007E+02
  -3.023  0.1390E+01  0.2008E+02
  -3.013  0.1339E+01  0.2009E+02
  -3.003  0.1303E+01  0.2011E+02
  -2.993  0.1284E+01  0.2012E+02
  -2.983  0.1272E+01  0.2013E+02
  -2.973  0.1261E+01  0.2015E+02
  -2.963  0.1252E+01  0.2016E+02
  -2.953  0.1245E+01  0.2017E+02
  -2.943  0.1239E+01  0.2018E+02
  -2.933  0.1234E+01  0.2020E+02
  -2.923  0.1232E+01  0.2021E+02
  -2.913  0.1232E+01  0.2022E+02
  -2.903  0.1233E+01  0.2023E+02
  -2.893  0.1234E+01  0.2024E+02
  -2.883  0.1235E+01  0.2026E+02
  -2.873  0.1236E+01  0.2027E+02
  -2.863  0.1237E+01  0.2028E+02
  -2.853  0.1239E+01  0.2029E+02
  -2.843  0.1241E+01  0.2031E+02
  -2.833  0.1242E+01  0.2032E+02
  -2.823  0.1245E+01  0.2033E+02
  -2.813  0.1248E+01  0.2034E+02
  -2.803  0.1251E+01  0.2036E+02
  -2.793  0.1254E+01  0.2037E+02
  -2.783  0.1257E+01  0.2038E+02
  -2.773  0.1261E+01  0.2039E+02
  -2.763  0.1266E+01  0.2041E+02
  -2.753  0.1271E+01  0.2042E+02
  -2.743  0.1277E+01  0.2043E+02
  -2.733  0.1283E+01  0.2045E+02
  -2.723  0.1289E+01  0.2046E+02
  -2.713  0.1295E+01  0.2047E+02
  -2.703  0.1302E+01  0.2048E+02
  -2.693  0.1308E+01  0.2050E+02
  -2.683  0.1311E+01  0.2051E+02
  -2.673  0.1314E+01  0.2052E+02
  -2.663  0.1317E+01  0.2054E+02
  -2.653  0.1322E+01  0.2055E+02
  -2.643  0.1327E+01  0.2056E+02
  -2.633  0.1332E+01  0.2058E+02
  -2.623  0.1337E+01  0.2059E+02
  -2.613  0.1342E+01  0.2060E+02
  -2.603  0.1347E+01  0.2062E+02
  -2.593  0.1352E+01  0.2063E+02
  -2.583  0.1357E+01  0.2064E+02
  -2.573  0.1363E+01  0.2066E+02
  -2.563  0.1370E+01  0.2067E+02
  -2.553  0.1378E+01  0.2068E+02
  -2.543  0.1385E+01  0.2070E+02
  -2.533  0.1393E+01  0.2071E+02
  -2.523  0.1401E+01  0.2073E+02
  -2.513  0.1410E+01  0.2074E+02
  -2.503  0.1418E+01  0.2075E+02
  -2.493  0.1428E+01  0.2077E+02
  -2.483  0.1437E+01  0.2078E+02
  -2.473  0.1447E+01  0.2080E+02
  -2.463  0.1457E+01  0.2081E+02
  -2.453  0.1467E+01  0.2083E+02
  -2.443  0.1478E+01  0.2084E+02
  -2.433  0.1488E+01  0.2086E+02
  -2.423  0.1499E+01  0.2087E+02
  -2.413  0.1510E+01  0.2089E+02
  -2.403  0.1521E+01  0.2090E+02
  -2.393  0.1533E+01  0.2092E+02
  -2.383  0.1545E+01  0.2093E+02
  -2.373  0.1557E+01  0.2095E+02
  -2.363  0.1571E+01  0.2096E+02
  -2.353  0.1584E+01  0.2098E+02
  -2.343  0.1598E+01  0.2100E+02
  -2.333  0.1612E+01  0.2101E+02
  -2.323  0.1627E+01  0.2103E+02
  -2.313  0.1642E+01  0.2104E+02
  -2.303  0.1658E+01  0.2106E+02
  -2.293  0.1673E+01  0.2108E+02
  -2.283  0.1689E+01  0.2110E+02
  -2.273  0.1706E+01  0.2111E+02
  -2.263  0.1722E+01  0.2113E+02
  -2.253  0.1739E+01  0.2115E+02
  -2.243  0.1757E+01  0.2116E+02
  -2.233  0.1776E+01  0.2118E+02
  -2.223  0.1796E+01  0.2120E+02
  -2.213  0.1818E+01  0.2122E+02
  -2.203  0.1842E+01  0.2124E+02
  -2.193  0.1868E+01  0.2126E+02
  -2.183  0.1896E+01  0.2127E+02
  -2.173  0.1925E+01  0.2129E+02
  -2.163  0.1956E+01  0.2131E+02
  -2.153  0.1987E+01  0.2133E+02
  -2.143  0.2021E+01  0.2135E+02
  -2.133  0.2055E+01  0.2137E+02
  -2.123  0.2091E+01  0.2139E+02
  -2.113  0.2157E+01  0.2142E+02
  -2.103  0.2389E+01  0.2144E+02
  -2.093  0.2532E+01  0.2147E+02
  -2.083  0.2564E+01  0.2149E+02
  -2.073  0.2584E+01  0.2152E+02
  -2.063  0.2592E+01  0.2154E+02
  -2.053  0.2588E+01  0.2157E+02
  -2.043  0.2569E+01  0.2159E+02
  -2.033  0.2536E+01  0.2162E+02
  -2.023  0.2511E+01  0.2164E+02
  -2.013  0.2496E+01  0.2167E+02
  -2.003  0.2489E+01  0.2169E+02
  -1.993  0.2492E+01  0.2172E+02
  -1.983  0.2502E+01  0.2174E+02
  -1.973  0.2514E+01  0.2177E+02
  -1.963  0.2526E+01  0.2180E+02
  -1.953  0.2538E+01  0.2182E+02
  -1.943  0.2532E+01  0.2185E+02
  -1.933  0.2523E+01  0.2187E+02
  -1.923  0.2520E+01  0.2190E+02
  -1.913  0.2520E+01  0.2192E+02
  -1.903  0.2516E+01  0.2195E+02
  -1.893  0.2509E+01  0.2197E+02
  -1.883  0.2500E+01  0.2200E+02
  -1.873  0.2508E+01  0.2202E+02
  -1.863  0.2534E+01  0.2205E+02
  -1.853  0.2567E+01  0.2207E+02
  -1.843  0.2607E+01  0.2210E+02
  -1.833  0.2655E+01  0.2213E+02
  -1.823  0.2706E+01  0.2215E+02
  -1.813  0.2740E+01  0.2218E+02
  -1.803  0.2671E+01  0.2221E+02
  -1.793  0.2636E+01  0.2223E+02
  -1.783  0.2628E+01  0.2226E+02
  -1.773  0.2616E+01  0.2229E+02
  -1.763  0.2603E+01  0.2231E+02
  -1.753  0.2582E+01  0.2234E+02
  -1.743  0.2577E+01  0.2236E+02
  -1.733  0.2570E+01  0.2239E+02
  -1.723  0.2562E+01  0.2241E+02
  -1.713  0.2553E+01  0.2244E+02
  -1.703  0.2542E+01  0.2247E+02
  -1.693  0.2531E+01  0.2249E+02
  -1.683  0.2524E+01  0.2252E+02
  -1.673  0.2532E+01  0.2254E+02
  -1.663  0.2541E+01  0.2257E+02
  -1.653  0.2547E+01  0.2259E+02
  -1.643  0.2552E+01  0.2262E+02
  -1.633  0.2561E+01  0.2264E+02
  -1.623  0.2583E+01  0.2267E+02
  -1.613  0.2604E+01  0.2270E+02
  -1.603  0.2619E+01  0.2272E+02
  -1.593  0.2633E+01  0.2275E+02
  -1.583  0.2666E+01  0.2277E+02
  -1.573  0.2720E+01  0.2280E+02
  -1.563  0.2772E+01  0.2283E+02
  -1.553  0.2805E+01  0.2286E+02
  -1.543  0.2816E+01  0.2289E+02
  -1.533  0.2799E+01  0.2291E+02
  -1.523  0.2800E+01  0.2294E+02
  -1.513  0.2817E+01  0.2297E+02
  -1.503  0.2850E+01  0.2300E+02
  -1.493  0.3210E+01  0.2303E+02
  -1.483  0.3069E+01  0.2306E+02
  -1.473  0.3176E+01  0.2309E+02
  -1.463  0.3270E+01  0.2313E+02
  -1.453  0.3342E+01  0.2316E+02
  -1.443  0.3487E+01  0.2319E+02
  -1.433  0.3618E+01  0.2323E+02
  -1.423  0.3740E+01  0.2327E+02
  -1.413  0.3508E+01  0.2330E+02
  -1.403  0.3478E+01  0.2334E+02
  -1.393  0.3388E+01  0.2337E+02
  -1.383  0.3259E+01  0.2340E+02
  -1.373  0.3111E+01  0.2343E+02
  -1.363  0.2901E+01  0.2346E+02
  -1.353  0.2635E+01  0.2349E+02
  -1.343  0.2319E+01  0.2351E+02
  -1.333  0.1979E+01  0.2353E+02
  -1.323  0.1750E+01  0.2355E+02
  -1.313  0.1550E+01  0.2357E+02
  -1.303  0.1330E+01  0.2358E+02
  -1.293  0.1040E+01  0.2359E+02
  -1.283  0.7475E+00  0.2360E+02
  -1.273  0.4906E+00  0.2360E+02
  -1.263  0.2875E+00  0.2360E+02
  -1.253  0.1384E+00  0.2361E+02
  -1.243  0.4323E-01  0.2361E+02
  -1.233  0.1914E-02  0.2361E+02
  -1.223  0.0000E+00  0.2361E+02
  -1.213  0.0000E+00  0.2361E+02
  -1.203  0.0000E+00  0.2361E+02
  -1.193  0.0000E+00  0.2361E+02
  -1.183  0.0000E+00  0.2361E+02
  -1.173  0.0000E+00  0.2361E+02
  -1.163  0.0000E+00  0.2361E+02
  -1.153  0.0000E+00  0.2361E+02
  -1.143  0.0000E+00  0.2361E+02
  -1.133  0.0000E+00  0.2361E+02
  -1.123  0.0000E+00  0.2361E+02
  -1.113  0.0000E+00  0.2361E+02
  -1.103  0.0000E+00  0.2361E+02
  -1.093  0.0000E+00  0.2361E+02
  -1.083  0.0000E+00  0.2361E+02
  -1.073  0.0000E+00  0.2361E+02
  -1.063  0.0000E+00  0.2361E+02
  -1.053  0.0000E+00  0.2361E+02
  -1.043  0.0000E+00  0.2361E+02
  -1.033  0.0000E+00  0.2361E+02
  -1.023  0.0000E+00  0.2361E+02
  -1.013  0.0000E+00  0.2361E+02
  -1.003  0.0000E+00  0.2361E+02
  -0.993  0.0000E+00  0.2361E+02
  -0.983  0.0000E+00  0.2361E+02
  -0.973  0.0000E+00  0.2361E+02
  -0.963  0.0000E+00  0.2361E+02
  -0.953  0.0000E+00  0.2361E+02
  -0.943  0.0000E+00  0.2361E+02
  -0.933  0.0000E+00  0.2361E+02
  -0.923  0.0000E+00  0.2361E+02
  -0.913  0.0000E+00  0.2361E+02
  -0.903  0.0000E+00  0.2361E+02
  -0.893  0.0000E+00  0.2361E+02
  -0.883  0.0000E+00  0.2361E+02
  -0.873  0.0000E+00  0.2361E+02
  -0.863  0.0000E+00  0.2361E+02
  -0.853  0.0000E+00  0.2361E+02
  -0.843  0.0000E+00  0.2361E+02
  -0.833  0.0000E+00  0.2361E+02
  -0.823  0.0000E+00  0.2361E+02
  -0.813  0.0000E+00  0.2361E+02
  -0.803  0.0000E+00  0.2361E+02
  -0.793  0.0000E+00  0.2361E+02
  -0.783  0.0000E+00  0.2361E+02
  -0.773  0.0000E+00  0.2361E+02
  -0.763  0.0000E+00  0.2361E+02
  -0.753  0.0000E+00  0.2361E+02
  -0.743  0.0000E+00  0.2361E+02
  -0.733  0.0000E+00  0.2361E+02
  -0.723  0.0000E+00  0.2361E+02
  -0.713  0.0000E+00  0.2361E+02
  -0.703  0.0000E+00  0.2361E+02
  -0.693  0.0000E+00  0.2361E+02
  -0.683  0.0000E+00  0.2361E+02
  -0.673  0.0000E+00  0.2361E+02
  -0.663  0.0000E+00  0.2361E+02
  -0.653  0.0000E+00  0.2361E+02
  -0.643  0.0000E+00  0.2361E+02
  -0.633  0.0000E+00  0.2361E+02
  -0.623  0.0000E+00  0.2361E+02
  -0.613  0.0000E+00  0.2361E+02
  -0.603  0.0000E+00  0.2361E+02
  -0.593  0.0000E+00  0.2361E+02
  -0.583  0.0000E+00  0.2361E+02
  -0.573  0.0000E+00  0.2361E+02
  -0.563  0.0000E+00  0.2361E+02
  -0.553  0.0000E+00  0.2361E+02
  -0.543  0.0000E+00  0.2361E+02
  -0.533  0.0000E+00  0.2361E+02
  -0.523  0.0000E+00  0.2361E+02
  -0.513  0.0000E+00  0.2361E+02
  -0.503  0.0000E+00  0.2361E+02
  -0.493  0.0000E+00  0.2361E+02
  -0.483  0.0000E+00  0.2361E+02
  -0.473  0.0000E+00  0.2361E+02
  -0.463  0.0000E+00  0.2361E+02
  -0.453  0.0000E+00  0.2361E+02
  -0.443  0.0000E+00  0.2361E+02
  -0.433  0.0000E+00  0.2361E+02
  -0.423  0.0000E+00  0.2361E+02
  -0.413  0.0000E+00  0.2361E+02
  -0.403  0.0000E+00  0.2361E+02
  -0.393  0.0000E+00  0.2361E+02
  -0.383  0.0000E+00  0.2361E+02
  -0.373  0.0000E+00  0.2361E+02
  -0.363  0.0000E+00  0.2361E+02
  -0.353  0.0000E+00  0.2361E+02
  -0.343  0.0000E+00  0.2361E+02
  -0.333  0.0000E+00  0.2361E+02
  -0.323  0.0000E+00  0.2361E+02
  -0.313  0.0000E+00  0.2361E+02
  -0.303  0.0000E+00  0.2361E+02
  -0.293  0.0000E+00  0.2361E+02
  -0.283  0.0000E+00  0.2361E+02
  -0.273  0.0000E+00  0.2361E+02
  -0.263  0.0000E+00  0.2361E+02
  -0.253  0.0000E+00  0.2361E+02
  -0.243  0.0000E+00  0.2361E+02
  -0.233  0.0000E+00  0.2361E+02
  -0.223  0.0000E+00  0.2361E+02
  -0.213  0.0000E+00  0.2361E+02
  -0.203  0.0000E+00  0.2361E+02
  -0.193  0.0000E+00  0.2361E+02
  -0.183  0.0000E+00  0.2361E+02
  -0.173  0.0000E+00  0.2361E+02
  -0.163  0.0000E+00  0.2361E+02
  -0.153  0.0000E+00  0.2361E+02
  -0.143  0.0000E+00  0.2361E+02
  -0.133  0.0000E+00  0.2361E+02
  -0.123  0.0000E+00  0.2361E+02
  -0.113  0.0000E+00  0.2361E+02
  -0.103  0.0000E+00  0.2361E+02
  -0.093  0.0000E+00  0.2361E+02
  -0.083  0.0000E+00  0.2361E+02
  -0.073  0.0000E+00  0.2361E+02
  -0.063  0.0000E+00  0.2361E+02
  -0.053  0.0000E+00  0.2361E+02
  -0.043  0.0000E+00  0.2361E+02
  -0.033  0.0000E+00  0.2361E+02
  -0.023  0.0000E+00  0.2361E+02
  -0.013  0.0000E+00  0.2361E+02
  -0.003  0.0000E+00  0.2361E+02
   0.007  0.0000E+00  0.2361E+02
   0.017  0.0000E+00  0.2361E+02
   0.027  0.0000E+00  0.2361E+02
   0.037  0.0000E+00  0.2361E+02
   0.047  0.0000E+00  0.2361E+02
   0.057  0.0000E+00  0.2361E+02
   0.067  0.0000E+00  0.2361E+02
   0.077  0.0000E+00  0.2361E+02
   0.087  0.0000E+00  0.2361E+02
   0.097  0.0000E+00  0.2361E+02
   0.107  0.0000E+00  0.2361E+02
   0.117  0.0000E+00  0.2361E+02
   0.127  0.0000E+00  0.2361E+02
   0.137  0.0000E+00  0.2361E+02
   0.147  0.0000E+00  0.2361E+02
   0.157  0.0000E+00  0.2361E+02
   0.167  0.0000E+00  0.2361E+02
   0.177  0.0000E+00  0.2361E+02
   0.187  0.0000E+00  0.2361E+02
   0.197  0.0000E+00  0.2361E+02
   0.207  0.0000E+00  0.2361E+02
   0.217  0.0000E+00  0.2361E+02
   0.227  0.0000E+00  0.2361E+02
   0.237  0.0000E+00  0.2361E+02
   0.247  0.0000E+00  0.2361E+02
   0.257  0.0000E+00  0.2361E+02
   0.267  0.0000E+00  0.2361E+02
   0.277  0.0000E+00  0.2361E+02
   0.287  0.0000E+00  0.2361E+02
   0.297  0.0000E+00  0.2361E+02
   0.307  0.0000E+00  0.2361E+02
   0.317  0.0000E+00  0.2361E+02
   0.327  0.0000E+00  0.2361E+02
   0.337  0.0000E+00  0.2361E+02
   0.347  0.0000E+00  0.2361E+02
   0.357  0.0000E+00  0.2361E+02
   0.367  0.0000E+00  0.2361E+02
   0.377  0.0000E+00  0.2361E+02
   0.387  0.0000E+00  0.2361E+02
   0.397  0.0000E+00  0.2361E+02
   0.407  0.0000E+00  0.2361E+02
   0.417  0.0000E+00  0.2361E+02
   0.427  0.0000E+00  0.2361E+02
   0.437  0.0000E+00  0.2361E+02
   0.447  0.0000E+00  0.2361E+02
   0.457  0.0000E+00  0.2361E+02
   0.467  0.0000E+00  0.2361E+02
   0.477  0.0000E+00  0.2361E+02
   0.487  0.0000E+00  0.2361E+02
   0.497  0.0000E+00  0.2361E+02
   0.507  0.0000E+00  0.2361E+02
   0.517  0.0000E+00  0.2361E+02
   0.527  0.0000E+00  0.2361E+02
   0.537  0.0000E+00  0.2361E+02
   0.547  0.0000E+00  0.2361E+02
   0.557  0.0000E+00  0.2361E+02
   0.567  0.0000E+00  0.2361E+02
   0.577  0.0000E+00  0.2361E+02
   0.587  0.0000E+00  0.2361E+02
   0.597  0.0000E+00  0.2361E+02
   0.607  0.0000E+00  0.2361E+02
   0.617  0.0000E+00  0.2361E+02
   0.627  0.0000E+00  0.2361E+02
   0.637  0.0000E+00  0.2361E+02
   0.647  0.0000E+00  0.2361E+02
   0.657  0.0000E+00  0.2361E+02
   0.667  0.0000E+00  0.2361E+02
   0.677  0.0000E+00  0.2361E+02
   0.687  0.0000E+00  0.2361E+02
   0.697  0.0000E+00  0.2361E+02
   0.707  0.0000E+00  0.2361E+02
   0.717  0.0000E+00  0.2361E+02
   0.727  0.0000E+00  0.2361E+02
   0.737  0.0000E+00  0.2361E+02
   0.747  0.0000E+00  0.2361E+02
   0.757  0.0000E+00  0.2361E+02
   0.767  0.0000E+00  0.2361E+02
   0.777  0.0000E+00  0.2361E+02
   0.787  0.0000E+00  0.2361E+02
   0.797  0.0000E+00  0.2361E+02
   0.807  0.0000E+00  0.2361E+02
   0.817  0.0000E+00  0.2361E+02
   0.827  0.0000E+00  0.2361E+02
   0.837  0.0000E+00  0.2361E+02
   0.847  0.0000E+00  0.2361E+02
   0.857  0.0000E+00  0.2361E+02
   0.867  0.0000E+00  0.2361E+02
   0.877  0.0000E+00  0.2361E+02
   0.887  0.0000E+00  0.2361E+02
   0.897  0.0000E+00  0.2361E+02
   0.907  0.0000E+00  0.2361E+02
   0.917  0.0000E+00  0.2361E+02
   0.927  0.0000E+00  0.2361E+02
   0.937  0.0000E+00  0.2361E+02
   0.947  0.0000E+00  0.2361E+02
   0.957  0.0000E+00  0.2361E+02
   0.967  0.0000E+00  0.2361E+02
   0.977  0.0000E+00  0.2361E+02
   0.987  0.0000E+00  0.2361E+02
   0.997  0.0000E+00  0.2361E+02
   1.007  0.0000E+00  0.2361E+02
   1.017  0.0000E+00  0.2361E+02
   1.027  0.0000E+00  0.2361E+02
   1.037  0.0000E+00  0.2361E+02
   1.047  0.0000E+00  0.2361E+02
   1.057  0.0000E+00  0.2361E+02
   1.067  0.0000E+00  0.2361E+02
   1.077  0.0000E+00  0.2361E+02
   1.087  0.0000E+00  0.2361E+02
   1.097  0.0000E+00  0.2361E+02
   1.107  0.0000E+00  0.2361E+02
   1.117  0.0000E+00  0.2361E+02
   1.127  0.0000E+00  0.2361E+02
   1.137  0.0000E+00  0.2361E+02
   1.147  0.0000E+00  0.2361E+02
   1.157  0.0000E+00  0.2361E+02
   1.167  0.0000E+00  0.2361E+02
   1.177  0.0000E+00  0.2361E+02
   1.187  0.0000E+00  0.2361E+02
   1.197  0.0000E+00  0.2361E+02
   1.207  0.0000E+00  0.2361E+02
   1.217  0.0000E+00  0.2361E+02
   1.227  0.0000E+00  0.2361E+02
   1.237  0.0000E+00  0.2361E+02
   1.247  0.0000E+00  0.2361E+02
   1.257  0.0000E+00  0.2361E+02
   1.267  0.0000E+00  0.2361E+02
   1.277  0.0000E+00  0.2361E+02
   1.287  0.0000E+00  0.2361E+02
   1.297  0.0000E+00  0.2361E+02
   1.307  0.0000E+00  0.2361E+02
   1.317  0.0000E+00  0.2361E+02
   1.327  0.0000E+00  0.2361E+02
   1.337  0.0000E+00  0.2361E+02
   1.347  0.0000E+00  0.2361E+02
   1.357  0.0000E+00  0.2361E+02
   1.367  0.0000E+00  0.2361E+02
   1.377  0.0000E+00  0.2361E+02
   1.387  0.0000E+00  0.2361E+02
   1.397  0.0000E+00  0.2361E+02
   1.407  0.0000E+00  0.2361E+02
   1.417  0.0000E+00  0.2361E+02
   1.427  0.0000E+00  0.2361E+02
   1.437  0.0000E+00  0.2361E+02
   1.447  0.0000E+00  0.2361E+02
   1.457  0.0000E+00  0.2361E+02
   1.467  0.0000E+00  0.2361E+02
   1.477  0.0000E+00  0.2361E+02
   1.487  0.0000E+00  0.2361E+02
   1.497  0.0000E+00  0.2361E+02
   1.507  0.0000E+00  0.2361E+02
   1.517  0.0000E+00  0.2361E+02
   1.527  0.0000E+00  0.2361E+02
   1.537  0.0000E+00  0.2361E+02
   1.547  0.0000E+00  0.2361E+02
   1.557  0.0000E+00  0.2361E+02
   1.567  0.0000E+00  0.2361E+02
   1.577  0.0000E+00  0.2361E+02
   1.587  0.0000E+00  0.2361E+02
   1.597  0.0000E+00  0.2361E+02
   1.607  0.0000E+00  0.2361E+02
   1.617  0.0000E+00  0.2361E+02
   1.627  0.0000E+00  0.2361E+02
   1.637  0.0000E+00  0.2361E+02
   1.647  0.0000E+00  0.2361E+02
   1.657  0.0000E+00  0.2361E+02
   1.667  0.0000E+00  0.2361E+02
   1.677  0.0000E+00  0.2361E+02
   1.687  0.0000E+00  0.2361E+02
   1.697  0.0000E+00  0.2361E+02
   1.707  0.0000E+00  0.2361E+02
   1.717  0.0000E+00  0.2361E+02
   1.727  0.0000E+00  0.2361E+02
   1.737  0.0000E+00  0.2361E+02
   1.747  0.0000E+00  0.2361E+02
   1.757  0.0000E+00  0.2361E+02
   1.767  0.0000E+00  0.2361E+02
   1.777  0.0000E+00  0.2361E+02
   1.787  0.0000E+00  0.2361E+02
   1.797  0.0000E+00  0.2361E+02
   1.807  0.0000E+00  0.2361E+02
   1.817  0.0000E+00  0.2361E+02
   1.827  0.0000E+00  0.2361E+02
   1.837  0.0000E+00  0.2361E+02
   1.847  0.0000E+00  0.2361E+02
   1.857  0.0000E+00  0.2361E+02
   1.867  0.0000E+00  0.2361E+02
   1.877  0.0000E+00  0.2361E+02
   1.887  0.0000E+00  0.2361E+02
   1.897  0.0000E+00  0.2361E+02
   1.907  0.0000E+00  0.2361E+02
   1.917  0.0000E+00  0.2361E+02
   1.927  0.0000E+00  0.2361E+02
   1.937  0.0000E+00  0.2361E+02
   1.947  0.0000E+00  0.2361E+02
   1.957  0.0000E+00  0.2361E+02
   1.967  0.0000E+00  0.2361E+02
   1.977  0.0000E+00  0.2361E+02
   1.987  0.0000E+00  0.2361E+02
   1.997  0.0000E+00  0.2361E+02
   2.007  0.0000E+00  0.2361E+02
   2.017  0.0000E+00  0.2361E+02
   2.027  0.0000E+00  0.2361E+02
   2.037  0.0000E+00  0.2361E+02
   2.047  0.0000E+00  0.2361E+02
   2.057  0.0000E+00  0.2361E+02
   2.067  0.0000E+00  0.2361E+02
   2.077  0.0000E+00  0.2361E+02
   2.087  0.0000E+00  0.2361E+02
   2.097  0.0000E+00  0.2361E+02
   2.107  0.0000E+00  0.2361E+02
   2.117  0.0000E+00  0.2361E+02
   2.127  0.0000E+00  0.2361E+02
   2.137  0.0000E+00  0.2361E+02
   2.147  0.0000E+00  0.2361E+02
   2.157  0.0000E+00  0.2361E+02
   2.167  0.0000E+00  0.2361E+02
   2.177  0.0000E+00  0.2361E+02
   2.187  0.0000E+00  0.2361E+02
   2.197  0.0000E+00  0.2361E+02
   2.207  0.0000E+00  0.2361E+02
   2.217  0.0000E+00  0.2361E+02
   2.227  0.0000E+00  0.2361E+02
   2.237  0.0000E+00  0.2361E+02
   2.247  0.0000E+00  0.2361E+02
   2.257  0.0000E+00  0.2361E+02
   2.267  0.0000E+00  0.2361E+02
   2.277  0.0000E+00  0.2361E+02
   2.287  0.0000E+00  0.2361E+02
   2.297  0.0000E+00  0.2361E+02
   2.307  0.0000E+00  0.2361E+02
   2.317  0.0000E+00  0.2361E+02
   2.327  0.0000E+00  0.2361E+02
   2.337  0.0000E+00  0.2361E+02
   2.347  0.0000E+00  0.2361E+02
   2.357  0.0000E+00  0.2361E+02
   2.367  0.0000E+00  0.2361E+02
   2.377  0.0000E+00  0.2361E+02
   2.387  0.0000E+00  0.2361E+02
   2.397  0.0000E+00  0.2361E+02
   2.407  0.0000E+00  0.2361E+02
   2.417  0.0000E+00  0.2361E+02
   2.427  0.0000E+00  0.2361E+02
   2.437  0.0000E+00  0.2361E+02
   2.447  0.0000E+00  0.2361E+02
   2.457  0.0000E+00  0.2361E+02
   2.467  0.0000E+00  0.2361E+02
   2.477  0.0000E+00  0.2361E+02
   2.487  0.0000E+00  0.2361E+02
   2.497  0.0000E+00  0.2361E+02
   2.507  0.0000E+00  0.2361E+02
   2.517  0.0000E+00  0.2361E+02
   2.527  0.0000E+00  0.2361E+02
   2.537  0.0000E+00  0.2361E+02
   2.547  0.0000E+00  0.2361E+02
   2.557  0.0000E+00  0.2361E+02
   2.567  0.0000E+00  0.2361E+02
   2.577  0.0000E+00  0.2361E+02
   2.587  0.0000E+00  0.2361E+02
   2.597  0.0000E+00  0.2361E+02
   2.607  0.0000E+00  0.2361E+02
   2.617  0.0000E+00  0.2361E+02
   2.627  0.0000E+00  0.2361E+02
   2.637  0.0000E+00  0.2361E+02
   2.647  0.0000E+00  0.2361E+02
   2.657  0.0000E+00  0.2361E+02
   2.667  0.0000E+00  0.2361E+02
   2.677  0.0000E+00  0.2361E+02
   2.687  0.0000E+00  0.2361E+02
   2.697  0.0000E+00  0.2361E+02
   2.707  0.0000E+00  0.2361E+02
   2.717  0.0000E+00  0.2361E+02
   2.727  0.0000E+00  0.2361E+02
   2.737  0.0000E+00  0.2361E+02
   2.747  0.0000E+00  0.2361E+02
   2.757  0.1539E-05  0.2361E+02
   2.767  0.3928E-03  0.2361E+02
   2.777  0.1474E-02  0.2361E+02
   2.787  0.3246E-02  0.2361E+02
   2.797  0.5708E-02  0.2361E+02
   2.807  0.8860E-02  0.2361E+02
   2.817  0.1270E-01  0.2361E+02
   2.827  0.1724E-01  0.2361E+02
   2.837  0.2246E-01  0.2361E+02
   2.847  0.2837E-01  0.2361E+02
   2.857  0.3492E-01  0.2361E+02
   2.867  0.3863E-01  0.2361E+02
   2.877  0.4241E-01  0.2361E+02
   2.887  0.4625E-01  0.2361E+02
   2.897  0.5017E-01  0.2361E+02
   2.907  0.5417E-01  0.2361E+02
   2.917  0.5823E-01  0.2361E+02
   2.927  0.6236E-01  0.2361E+02
   2.937  0.6657E-01  0.2361E+02
   2.947  0.7085E-01  0.2361E+02
   2.957  0.7520E-01  0.2361E+02
   2.967  0.7962E-01  0.2361E+02
   2.977  0.8411E-01  0.2362E+02
   2.987  0.8868E-01  0.2362E+02
   2.997  0.9331E-01  0.2362E+02
   3.007  0.9802E-01  0.2362E+02
   3.017  0.1028E+00  0.2362E+02
   3.027  0.1077E+00  0.2362E+02
   3.037  0.1126E+00  0.2362E+02
   3.047  0.1176E+00  0.2362E+02
   3.057  0.1226E+00  0.2362E+02
   3.067  0.1276E+00  0.2363E+02
   3.077  0.1321E+00  0.2363E+02
   3.087  0.1362E+00  0.2363E+02
   3.097  0.1398E+00  0.2363E+02
   3.107  0.1428E+00  0.2363E+02
   3.117  0.1466E+00  0.2363E+02
   3.127  0.1578E+00  0.2363E+02
   3.137  0.1774E+00  0.2364E+02
   3.147  0.2054E+00  0.2364E+02
   3.157  0.2393E+00  0.2364E+02
   3.167  0.2774E+00  0.2364E+02
   3.177  0.3189E+00  0.2365E+02
   3.187  0.3637E+00  0.2365E+02
   3.197  0.4119E+00  0.2365E+02
   3.207  0.4635E+00  0.2366E+02
   3.217  0.5184E+00  0.2366E+02
   3.227  0.5767E+00  0.2367E+02
   3.237  0.6384E+00  0.2368E+02
   3.247  0.7037E+00  0.2368E+02
   3.257  0.7621E+00  0.2369E+02
   3.267  0.8049E+00  0.2370E+02
   3.277  0.8392E+00  0.2371E+02
   3.287  0.8729E+00  0.2372E+02
   3.297  0.9056E+00  0.2372E+02
   3.307  0.9375E+00  0.2373E+02
   3.317  0.9685E+00  0.2374E+02
   3.327  0.9993E+00  0.2375E+02
   3.337  0.1030E+01  0.2376E+02
   3.347  0.1061E+01  0.2377E+02
   3.357  0.1092E+01  0.2379E+02
   3.367  0.1124E+01  0.2380E+02
   3.377  0.1160E+01  0.2381E+02
   3.387  0.1200E+01  0.2382E+02
   3.397  0.1244E+01  0.2383E+02
   3.407  0.1288E+01  0.2385E+02
   3.417  0.1327E+01  0.2386E+02
   3.427  0.1368E+01  0.2387E+02
   3.437  0.1407E+01  0.2389E+02
   3.447  0.1446E+01  0.2390E+02
   3.457  0.1483E+01  0.2392E+02
   3.467  0.1519E+01  0.2393E+02
   3.477  0.1553E+01  0.2395E+02
   3.487  0.1585E+01  0.2396E+02
   3.497  0.1615E+01  0.2398E+02
   3.507  0.1642E+01  0.2399E+02
   3.517  0.1667E+01  0.2401E+02
   3.527  0.1689E+01  0.2403E+02
   3.537  0.1710E+01  0.2405E+02
   3.547  0.1735E+01  0.2406E+02
   3.557  0.1762E+01  0.2408E+02
   3.567  0.1791E+01  0.2410E+02
   3.577  0.1822E+01  0.2412E+02
   3.587  0.1856E+01  0.2414E+02
   3.597  0.1894E+01  0.2415E+02
   3.607  0.1934E+01  0.2417E+02
   3.617  0.1976E+01  0.2419E+02
   3.627  0.2019E+01  0.2421E+02
   3.637  0.2062E+01  0.2423E+02
   3.647  0.2229E+01  0.2426E+02
   3.657  0.2388E+01  0.2428E+02
   3.667  0.2538E+01  0.2431E+02
   3.677  0.2678E+01  0.2433E+02
   3.687  0.2694E+01  0.2436E+02
   3.697  0.2701E+01  0.2439E+02
   3.707  0.2704E+01  0.2441E+02
   3.717  0.2704E+01  0.2444E+02
   3.727  0.2701E+01  0.2447E+02
   3.737  0.2697E+01  0.2449E+02
   3.747  0.2697E+01  0.2452E+02
   3.757  0.2701E+01  0.2455E+02
   3.767  0.2708E+01  0.2458E+02
   3.777  0.2714E+01  0.2460E+02
   3.787  0.2725E+01  0.2463E+02
   3.797  0.2739E+01  0.2466E+02
   3.807  0.2757E+01  0.2468E+02
   3.817  0.2788E+01  0.2471E+02
   3.827  0.2834E+01  0.2474E+02
   3.837  0.2897E+01  0.2477E+02
   3.847  0.2973E+01  0.2480E+02
   3.857  0.3084E+01  0.2483E+02
   3.867  0.3150E+01  0.2486E+02
   3.877  0.3131E+01  0.2489E+02
   3.887  0.3043E+01  0.2492E+02
   3.897  0.2942E+01  0.2495E+02
   3.907  0.2826E+01  0.2498E+02
   3.917  0.2719E+01  0.2501E+02
   3.927  0.2645E+01  0.2504E+02
   3.937  0.2648E+01  0.2506E+02
   3.947  0.2666E+01  0.2509E+02
   3.957  0.2677E+01  0.2512E+02
   3.967  0.2681E+01  0.2514E+02
   3.977  0.2678E+01  0.2517E+02
   3.987  0.2675E+01  0.2520E+02
   3.997  0.2690E+01  0.2522E+02
   4.007  0.2648E+01  0.2525E+02
   4.017  0.2407E+01  0.2527E+02
   4.027  0.2299E+01  0.2530E+02
   4.037  0.2200E+01  0.2532E+02
   4.047  0.2110E+01  0.2534E+02
   4.057  0.2029E+01  0.2536E+02
   4.067  0.1959E+01  0.2538E+02
   4.077  0.1894E+01  0.2540E+02
   4.087  0.1835E+01  0.2542E+02
   4.097  0.1780E+01  0.2543E+02
   4.107  0.1702E+01  0.2545E+02
   4.117  0.1632E+01  0.2547E+02
   4.127  0.1575E+01  0.2548E+02
   4.137  0.1531E+01  0.2550E+02
   4.147  0.1501E+01  0.2551E+02
   4.157  0.1479E+01  0.2553E+02
   4.167  0.1456E+01  0.2554E+02
   4.177  0.1435E+01  0.2556E+02
   4.187  0.1413E+01  0.2557E+02
   4.197  0.1392E+01  0.2559E+02
   4.207  0.1373E+01  0.2560E+02
   4.217  0.1353E+01  0.2561E+02
   4.227  0.1339E+01  0.2563E+02
   4.237  0.1329E+01  0.2564E+02
   4.247  0.1321E+01  0.2565E+02
   4.257  0.1314E+01  0.2567E+02
   4.267  0.1307E+01  0.2568E+02
   4.277  0.1300E+01  0.2569E+02
   4.287  0.1294E+01  0.2570E+02
   4.297  0.1288E+01  0.2572E+02
   4.307  0.1282E+01  0.2573E+02
   4.317  0.1276E+01  0.2574E+02
   4.327  0.1271E+01  0.2576E+02
   4.337  0.1265E+01  0.2577E+02
   4.347  0.1260E+01  0.2578E+02
   4.357  0.1256E+01  0.2579E+02
   4.367  0.1251E+01  0.2581E+02
   4.377  0.1247E+01  0.2582E+02
   4.387  0.1244E+01  0.2583E+02
   4.397  0.1240E+01  0.2584E+02
   4.407  0.1239E+01  0.2586E+02
   4.417  0.1238E+01  0.2587E+02
   4.427  0.1239E+01  0.2588E+02
   4.437  0.1241E+01  0.2589E+02
   4.447  0.1245E+01  0.2591E+02
   4.457  0.1252E+01  0.2592E+02
   4.467  0.1260E+01  0.2593E+02
   4.477  0.1271E+01  0.2594E+02
   4.487  0.1284E+01  0.2596E+02
   4.497  0.1299E+01  0.2597E+02
   4.507  0.1319E+01  0.2598E+02
   4.517  0.1359E+01  0.2600E+02
   4.527  0.1402E+01  0.2601E+02
   4.537  0.1440E+01  0.2602E+02
   4.547  0.1491E+01  0.2604E+02
   4.557  0.1518E+01  0.2605E+02
   4.567  0.1542E+01  0.2607E+02
   4.577  0.1562E+01  0.2609E+02
   4.587  0.1577E+01  0.2610E+02
   4.597  0.1586E+01  0.2612E+02
   4.607  0.1590E+01  0.2613E+02
   4.617  0.1589E+01  0.2615E+02
   4.627  0.1582E+01  0.2616E+02
   4.637  0.1567E+01  0.2618E+02
   4.647  0.1561E+01  0.2620E+02
   4.657  0.1554E+01  0.2621E+02
   4.667  0.1545E+01  0.2623E+02
   4.677  0.1534E+01  0.2624E+02
   4.687  0.1521E+01  0.2626E+02
   4.697  0.1506E+01  0.2627E+02
   4.707  0.1489E+01  0.2629E+02
   4.717  0.1426E+01  0.2630E+02
   4.727  0.1388E+01  0.2632E+02
   4.737  0.1341E+01  0.2633E+02
   4.747  0.1297E+01  0.2634E+02
   4.757  0.1256E+01  0.2635E+02
   4.767  0.1218E+01  0.2637E+02
   4.777  0.1184E+01  0.2638E+02
   4.787  0.1154E+01  0.2639E+02
   4.797  0.1129E+01  0.2640E+02
   4.807  0.1109E+01  0.2641E+02
   4.817  0.1093E+01  0.2642E+02
   4.827  0.1081E+01  0.2643E+02
   4.837  0.1074E+01  0.2644E+02
   4.847  0.1069E+01  0.2646E+02
   4.857  0.1064E+01  0.2647E+02
   4.867  0.1059E+01  0.2648E+02
   4.877  0.1054E+01  0.2649E+02
   4.887  0.1050E+01  0.2650E+02
   4.897  0.1046E+01  0.2651E+02
   4.907  0.1042E+01  0.2652E+02
   4.917  0.1038E+01  0.2653E+02
   4.927  0.1034E+01  0.2654E+02
   4.937  0.1031E+01  0.2655E+02
   4.947  0.1024E+01  0.2656E+02
   4.957  0.1014E+01  0.2657E+02
   4.967  0.1000E+01  0.2658E+02
   4.977  0.9838E+00  0.2659E+02
   4.987  0.9703E+00  0.2660E+02
   4.997  0.9610E+00  0.2661E+02
   5.007  0.9549E+00  0.2662E+02
   5.017  0.9494E+00  0.2663E+02
   5.027  0.9441E+00  0.2664E+02
   5.037  0.9392E+00  0.2665E+02
   5.047  0.9345E+00  0.2666E+02
   5.057  0.9301E+00  0.2667E+02
   5.067  0.9258E+00  0.2667E+02
   5.077  0.9217E+00  0.2668E+02
   5.087  0.9179E+00  0.2669E+02
   5.097  0.9143E+00  0.2670E+02
   5.107  0.9109E+00  0.2671E+02
   5.117  0.9078E+00  0.2672E+02
   5.127  0.9048E+00  0.2673E+02
   5.137  0.9021E+00  0.2674E+02
   5.147  0.8996E+00  0.2675E+02
   5.157  0.8973E+00  0.2676E+02
   5.167  0.8952E+00  0.2677E+02
   5.177  0.8933E+00  0.2677E+02
   5.187  0.8916E+00  0.2678E+02
   5.197  0.8901E+00  0.2679E+02
   5.207  0.8882E+00  0.2680E+02
   5.217  0.8867E+00  0.2681E+02
   5.227  0.8884E+00  0.2682E+02
   5.237  0.8864E+00  0.2683E+02
   5.247  0.8817E+00  0.2684E+02
   5.257  0.8781E+00  0.2685E+02
   5.267  0.8765E+00  0.2685E+02
   5.277  0.8749E+00  0.2686E+02
   5.287  0.8734E+00  0.2687E+02
   5.297  0.8719E+00  0.2688E+02
   5.307  0.8704E+00  0.2689E+02
   5.317  0.8690E+00  0.2690E+02
   5.327  0.8676E+00  0.2691E+02
   5.337  0.8663E+00  0.2692E+02
   5.347  0.8650E+00  0.2692E+02
   5.357  0.8638E+00  0.2693E+02
   5.367  0.8626E+00  0.2694E+02
   5.377  0.8614E+00  0.2695E+02
   5.387  0.8603E+00  0.2696E+02
   5.397  0.8592E+00  0.2697E+02
   5.407  0.8582E+00  0.2698E+02
   5.417  0.8572E+00  0.2698E+02
   5.427  0.8563E+00  0.2699E+02
   5.437  0.8555E+00  0.2700E+02
   5.447  0.8548E+00  0.2701E+02
   5.457  0.8541E+00  0.2702E+02
   5.467  0.8535E+00  0.2703E+02
   5.477  0.8530E+00  0.2704E+02
   5.487  0.8525E+00  0.2704E+02
   5.497  0.8528E+00  0.2705E+02
   5.507  0.8555E+00  0.2706E+02
   5.517  0.8605E+00  0.2707E+02
   5.527  0.8678E+00  0.2708E+02
   5.537  0.8776E+00  0.2709E+02
   5.547  0.8896E+00  0.2710E+02
   5.557  0.9040E+00  0.2710E+02
   5.567  0.9206E+00  0.2711E+02
   5.577  0.9394E+00  0.2712E+02
   5.587  0.9606E+00  0.2713E+02
   5.597  0.9840E+00  0.2714E+02
   5.607  0.1010E+01  0.2715E+02
   5.617  0.1038E+01  0.2716E+02
   5.627  0.1069E+01  0.2717E+02
   5.637  0.1284E+01  0.2719E+02
   5.647  0.1418E+01  0.2720E+02
   5.657  0.1551E+01  0.2722E+02
   5.667  0.1648E+01  0.2723E+02
   5.677  0.1693E+01  0.2725E+02
   5.687  0.1713E+01  0.2727E+02
   5.697  0.1735E+01  0.2728E+02
   5.707  0.1757E+01  0.2730E+02
   5.717  0.1781E+01  0.2732E+02
   5.727  0.1799E+01  0.2734E+02
   5.737  0.1804E+01  0.2736E+02
   5.747  0.1802E+01  0.2737E+02
   5.757  0.1793E+01  0.2739E+02
   5.767  0.1778E+01  0.2741E+02
   5.777  0.1755E+01  0.2743E+02
   5.787  0.1727E+01  0.2744E+02
   5.797  0.1702E+01  0.2746E+02
   5.807  0.1674E+01  0.2748E+02
   5.817  0.1632E+01  0.2749E+02
   5.827  0.1587E+01  0.2751E+02
   5.837  0.1542E+01  0.2753E+02
   5.847  0.1496E+01  0.2754E+02
   5.857  0.1451E+01  0.2756E+02
   5.867  0.1409E+01  0.2757E+02
   5.877  0.1368E+01  0.2758E+02
   5.887  0.1331E+01  0.2760E+02
   5.897  0.1296E+01  0.2761E+02
   5.907  0.1275E+01  0.2762E+02
   5.917  0.1263E+01  0.2763E+02
   5.927  0.1257E+01  0.2765E+02
   5.937  0.1251E+01  0.2766E+02
   5.947  0.1247E+01  0.2767E+02
   5.957  0.1244E+01  0.2768E+02
   5.967  0.1242E+01  0.2770E+02
   5.977  0.1241E+01  0.2771E+02
   5.987  0.1241E+01  0.2772E+02
   5.997  0.1242E+01  0.2773E+02
   6.007  0.1243E+01  0.2775E+02
   6.017  0.1245E+01  0.2776E+02
   6.027  0.1248E+01  0.2777E+02
   6.037  0.1251E+01  0.2778E+02
   6.047  0.1256E+01  0.2780E+02
   6.057  0.1261E+01  0.2781E+02
   6.067  0.1266E+01  0.2782E+02
   6.077  0.1273E+01  0.2783E+02
   6.087  0.1280E+01  0.2785E+02
   6.097  0.1287E+01  0.2786E+02
   6.107  0.1295E+01  0.2787E+02
   6.117  0.1304E+01  0.2789E+02
   6.127  0.1313E+01  0.2790E+02
   6.137  0.1321E+01  0.2791E+02
   6.147  0.1330E+01  0.2793E+02
   6.157  0.1338E+01  0.2794E+02
   6.167  0.1347E+01  0.2795E+02
   6.177  0.1356E+01  0.2797E+02
   6.187  0.1365E+01  0.2798E+02
   6.197  0.1373E+01  0.2799E+02
   6.207  0.1382E+01  0.2801E+02
   6.217  0.1391E+01  0.2802E+02
   6.227  0.1401E+01  0.2804E+02
   6.237  0.1411E+01  0.2805E+02
   6.247  0.1422E+01  0.2806E+02
   6.257  0.1435E+01  0.2808E+02
   6.267  0.1452E+01  0.2809E+02
   6.277  0.1470E+01  0.2811E+02
   6.287  0.1487E+01  0.2812E+02
   6.297  0.1503E+01  0.2814E+02
   6.307  0.1521E+01  0.2815E+02
   6.317  0.1539E+01  0.2817E+02
   6.327  0.1558E+01  0.2818E+02
   6.337  0.1603E+01  0.2820E+02
   6.347  0.1591E+01  0.2822E+02
   6.357  0.1580E+01  0.2823E+02
   6.367  0.1571E+01  0.2825E+02
   6.377  0.1563E+01  0.2826E+02
   6.387  0.1556E+01  0.2828E+02
   6.397  0.1550E+01  0.2829E+02
   6.407  0.1546E+01  0.2831E+02
   6.417  0.1542E+01  0.2832E+02
   6.427  0.1539E+01  0.2834E+02
   6.437  0.1538E+01  0.2836E+02
   6.447  0.1537E+01  0.2837E+02
   6.457  0.1539E+01  0.2839E+02
   6.467  0.1542E+01  0.2840E+02
   6.477  0.1546E+01  0.2842E+02
   6.487  0.1550E+01  0.2843E+02
   6.497  0.1553E+01  0.2845E+02
   6.507  0.1555E+01  0.2846E+02
   6.517  0.1557E+01  0.2848E+02
   6.527  0.1559E+01  0.2849E+02
   6.537  0.1562E+01  0.2851E+02
   6.547  0.1564E+01  0.2853E+02
   6.557  0.1566E+01  0.2854E+02
   6.567  0.1568E+01  0.2856E+02
   6.577  0.1570E+01  0.2857E+02
   6.587  0.1573E+01  0.2859E+02
   6.597  0.1576E+01  0.2860E+02
   6.607  0.1578E+01  0.2862E+02
   6.617  0.1581E+01  0.2864E+02
   6.627  0.1596E+01  0.2865E+02
   6.637  0.1612E+01  0.2867E+02
   6.647  0.1627E+01  0.2868E+02
   6.657  0.1642E+01  0.2870E+02
   6.667  0.1655E+01  0.2872E+02
   6.677  0.1667E+01  0.2873E+02
   6.687  0.1677E+01  0.2875E+02
   6.697  0.1688E+01  0.2877E+02
   6.707  0.1698E+01  0.2878E+02
   6.717  0.1708E+01  0.2880E+02
   6.727  0.1718E+01  0.2882E+02
   6.737  0.1739E+01  0.2884E+02
   6.747  0.1760E+01  0.2885E+02
   6.757  0.1783E+01  0.2887E+02
   6.767  0.1807E+01  0.2889E+02
   6.777  0.1831E+01  0.2891E+02
   6.787  0.1856E+01  0.2893E+02
   6.797  0.1880E+01  0.2895E+02
   6.807  0.1884E+01  0.2896E+02
   6.817  0.1873E+01  0.2898E+02
   6.827  0.1882E+01  0.2900E+02
   6.837  0.1889E+01  0.2902E+02
   6.847  0.1895E+01  0.2904E+02
   6.857  0.1901E+01  0.2906E+02
   6.867  0.1907E+01  0.2908E+02
   6.877  0.1912E+01  0.2910E+02
   6.887  0.1916E+01  0.2912E+02
   6.897  0.1918E+01  0.2914E+02
   6.907  0.1920E+01  0.2915E+02
   6.917  0.1920E+01  0.2917E+02
   6.927  0.1919E+01  0.2919E+02
   6.937  0.1916E+01  0.2921E+02
   6.947  0.1912E+01  0.2923E+02
   6.957  0.1905E+01  0.2925E+02
   6.967  0.1897E+01  0.2927E+02
   6.977  0.1892E+01  0.2929E+02
   6.987  0.1894E+01  0.2931E+02
   6.997  0.1897E+01  0.2933E+02
   7.007  0.1901E+01  0.2935E+02
   7.017  0.1906E+01  0.2936E+02
   7.027  0.1911E+01  0.2938E+02
   7.037  0.1916E+01  0.2940E+02
   7.047  0.1923E+01  0.2942E+02
   7.057  0.1931E+01  0.2944E+02
   7.067  0.1938E+01  0.2946E+02
   7.077  0.1945E+01  0.2948E+02
   7.087  0.1951E+01  0.2950E+02
   7.097  0.1955E+01  0.2952E+02
   7.107  0.1959E+01  0.2954E+02
   7.117  0.1963E+01  0.2956E+02
   7.127  0.1966E+01  0.2958E+02
   7.137  0.1969E+01  0.2960E+02
   7.147  0.1980E+01  0.2962E+02
   7.157  0.2019E+01  0.2964E+02
   7.167  0.2027E+01  0.2966E+02
   7.177  0.2003E+01  0.2968E+02
   7.187  0.1973E+01  0.2970E+02
   7.197  0.1973E+01  0.2972E+02
   7.207  0.1971E+01  0.2974E+02
   7.217  0.1971E+01  0.2976E+02
   7.227  0.1972E+01  0.2978E+02
   7.237  0.1974E+01  0.2980E+02
   7.247  0.1979E+01  0.2982E+02
   7.257  0.1986E+01  0.2984E+02
   7.267  0.2000E+01  0.2986E+02
   7.277  0.2019E+01  0.2988E+02
   7.287  0.2059E+01  0.2990E+02
   7.297  0.2099E+01  0.2992E+02
   7.307  0.2131E+01  0.2994E+02
   7.317  0.2158E+01  0.2996E+02
   7.327  0.2180E+01  0.2998E+02
   7.337  0.2196E+01  0.3000E+02
   7.347  0.2196E+01  0.3003E+02
   7.357  0.2189E+01  0.3005E+02
   7.367  0.2186E+01  0.3007E+02
   7.377  0.2184E+01  0.3009E+02
   7.387  0.2187E+01  0.3011E+02
   7.397  0.2184E+01  0.3014E+02
   7.407  0.2178E+01  0.3016E+02
   7.417  0.2174E+01  0.3018E+02
   7.427  0.2171E+01  0.3020E+02
   7.437  0.2170E+01  0.3022E+02
   7.447  0.2169E+01  0.3024E+02
   7.457  0.2170E+01  0.3027E+02
   7.467  0.2172E+01  0.3029E+02
   7.477  0.2177E+01  0.3031E+02
   7.487  0.2183E+01  0.3033E+02
   7.497  0.2192E+01  0.3035E+02
   7.507  0.2207E+01  0.3037E+02
   7.517  0.2224E+01  0.3040E+02
   7.527  0.2237E+01  0.3042E+02
   7.537  0.2252E+01  0.3044E+02
   7.547  0.2268E+01  0.3046E+02
   7.557  0.2286E+01  0.3049E+02
   7.567  0.2305E+01  0.3051E+02
   7.577  0.2325E+01  0.3053E+02
   7.587  0.2349E+01  0.3056E+02
   7.597  0.2374E+01  0.3058E+02
   7.607  0.2402E+01  0.3061E+02
   7.617  0.2436E+01  0.3063E+02
   7.627  0.2477E+01  0.3065E+02
   7.637  0.2525E+01  0.3068E+02
   7.647  0.2544E+01  0.3070E+02
   7.657  0.2528E+01  0.3073E+02
   7.667  0.2550E+01  0.3076E+02
   7.677  0.2570E+01  0.3078E+02
   7.687  0.2590E+01  0.3081E+02
   7.697  0.2608E+01  0.3083E+02
   7.707  0.2626E+01  0.3086E+02
   7.717  0.2647E+01  0.3089E+02
   7.727  0.2678E+01  0.3091E+02
   7.737  0.2714E+01  0.3094E+02
   7.747  0.2728E+01  0.3097E+02
   7.757  0.2738E+01  0.3099E+02
   7.767  0.2745E+01  0.3102E+02
   7.777  0.2750E+01  0.3105E+02
   7.787  0.2758E+01  0.3108E+02
   7.797  0.2769E+01  0.3110E+02
   7.807  0.2783E+01  0.3113E+02
   7.817  0.2800E+01  0.3116E+02
   7.827  0.2796E+01  0.3119E+02
   7.837  0.2764E+01  0.3122E+02
   7.847  0.2733E+01  0.3124E+02
   7.857  0.2703E+01  0.3127E+02
   7.867  0.2672E+01  0.3130E+02
   7.877  0.2641E+01  0.3132E+02
   7.887  0.2611E+01  0.3135E+02
   7.897  0.2580E+01  0.3138E+02
   7.907  0.2550E+01  0.3140E+02
   7.917  0.2522E+01  0.3143E+02
   7.927  0.2504E+01  0.3145E+02
   7.937  0.2492E+01  0.3148E+02
   7.947  0.2487E+01  0.3150E+02
   7.957  0.2489E+01  0.3153E+02
   7.967  0.2500E+01  0.3155E+02
   7.977  0.2518E+01  0.3158E+02
   7.987  0.2542E+01  0.3160E+02
   7.997  0.2567E+01  0.3163E+02
   8.007  0.2594E+01  0.3165E+02
   8.017  0.2622E+01  0.3168E+02
   8.027  0.2652E+01  0.3171E+02
   8.037  0.2684E+01  0.3173E+02
   8.047  0.2718E+01  0.3176E+02
   8.057  0.2753E+01  0.3179E+02
   8.067  0.2793E+01  0.3182E+02
   8.077  0.2838E+01  0.3184E+02
   8.087  0.2889E+01  0.3187E+02
   8.097  0.2947E+01  0.3190E+02
   8.107  0.3043E+01  0.3193E+02
   8.117  0.3163E+01  0.3196E+02
   8.127  0.3248E+01  0.3200E+02
   8.137  0.3303E+01  0.3203E+02
   8.147  0.3349E+01  0.3206E+02
   8.157  0.3386E+01  0.3210E+02
   8.167  0.3413E+01  0.3213E+02
   8.177  0.3425E+01  0.3217E+02
   8.187  0.3436E+01  0.3220E+02
   8.197  0.3444E+01  0.3223E+02
   8.207  0.3454E+01  0.3227E+02
   8.217  0.3465E+01  0.3230E+02
   8.227  0.3478E+01  0.3234E+02
   8.237  0.3492E+01  0.3237E+02
   8.247  0.3508E+01  0.3241E+02
   8.257  0.3529E+01  0.3244E+02
   8.267  0.3555E+01  0.3248E+02
   8.277  0.3582E+01  0.3252E+02
   8.287  0.3609E+01  0.3255E+02
   8.297  0.3637E+01  0.3259E+02
   8.307  0.3664E+01  0.3262E+02
   8.317  0.3694E+01  0.3266E+02
   8.327  0.3727E+01  0.3270E+02
   8.337  0.3767E+01  0.3274E+02
   8.347  0.3814E+01  0.3277E+02
   8.357  0.3869E+01  0.3281E+02
   8.367  0.3934E+01  0.3285E+02
   8.377  0.4010E+01  0.3289E+02
   8.387  0.4075E+01  0.3293E+02
   8.397  0.4117E+01  0.3297E+02
   8.407  0.4125E+01  0.3302E+02
   8.417  0.4075E+01  0.3306E+02
   8.427  0.3861E+01  0.3309E+02
   8.437  0.3880E+01  0.3313E+02
   8.447  0.4064E+01  0.3317E+02
   8.457  0.3911E+01  0.3321E+02
   8.467  0.3635E+01  0.3325E+02
   8.477  0.3548E+01  0.3329E+02
   8.487  0.3467E+01  0.3332E+02
   8.497  0.3390E+01  0.3335E+02
   8.507  0.3318E+01  0.3339E+02
   8.517  0.3251E+01  0.3342E+02
   8.527  0.3189E+01  0.3345E+02
   8.537  0.3132E+01  0.3348E+02
   8.547  0.3081E+01  0.3351E+02
   8.557  0.3036E+01  0.3354E+02
   8.567  0.2999E+01  0.3357E+02
   8.577  0.2968E+01  0.3360E+02
   8.587  0.2943E+01  0.3363E+02
   8.597  0.2924E+01  0.3366E+02
   8.607  0.2911E+01  0.3369E+02
   8.617  0.2914E+01  0.3372E+02
   8.627  0.2924E+01  0.3375E+02
   8.637  0.2935E+01  0.3378E+02
   8.647  0.2940E+01  0.3381E+02
   8.657  0.2907E+01  0.3384E+02
   8.667  0.2857E+01  0.3387E+02
   8.677  0.2816E+01  0.3389E+02
   8.687  0.2780E+01  0.3392E+02
   8.697  0.2745E+01  0.3395E+02
   8.707  0.2712E+01  0.3398E+02
   8.717  0.2684E+01  0.3400E+02
   8.727  0.2659E+01  0.3403E+02
   8.737  0.2645E+01  0.3406E+02
   8.747  0.2651E+01  0.3408E+02
   8.757  0.2659E+01  0.3411E+02
   8.767  0.2661E+01  0.3414E+02
   8.777  0.2655E+01  0.3416E+02
   8.787  0.2625E+01  0.3419E+02
   8.797  0.2593E+01  0.3422E+02
   8.807  0.2561E+01  0.3424E+02
   8.817  0.2528E+01  0.3427E+02
   8.827  0.2493E+01  0.3429E+02
   8.837  0.2458E+01  0.3432E+02
   8.847  0.2421E+01  0.3434E+02
   8.857  0.2385E+01  0.3436E+02
   8.867  0.2348E+01  0.3439E+02
   8.877  0.2310E+01  0.3441E+02
   8.887  0.2270E+01  0.3443E+02
   8.897  0.2233E+01  0.3446E+02
   8.907  0.2204E+01  0.3448E+02
   8.917  0.2174E+01  0.3450E+02
   8.927  0.2145E+01  0.3452E+02
   8.937  0.2114E+01  0.3454E+02
   8.947  0.2080E+01  0.3456E+02
   8.957  0.2045E+01  0.3458E+02
   8.967  0.2010E+01  0.3460E+02
   8.977  0.1976E+01  0.3462E+02
   8.987  0.1943E+01  0.3464E+02
   8.997  0.1913E+01  0.3466E+02
   9.007  0.1885E+01  0.3468E+02
   9.017  0.1851E+01  0.3470E+02
   9.027  0.1828E+01  0.3472E+02
   9.037  0.1818E+01  0.3474E+02
   9.047  0.1812E+01  0.3475E+02
   9.057  0.1802E+01  0.3477E+02
   9.067  0.1791E+01  0.3479E+02
   9.077  0.1774E+01  0.3481E+02
   9.087  0.1743E+01  0.3482E+02
   9.097  0.1711E+01  0.3484E+02
   9.107  0.1680E+01  0.3486E+02
   9.117  0.1649E+01  0.3487E+02
   9.127  0.1619E+01  0.3489E+02
   9.137  0.1590E+01  0.3491E+02
   9.147  0.1562E+01  0.3492E+02
   9.157  0.1535E+01  0.3494E+02
   9.167  0.1509E+01  0.3495E+02
   9.177  0.1484E+01  0.3497E+02
   9.187  0.1460E+01  0.3498E+02
   9.197  0.1438E+01  0.3500E+02
   9.207  0.1420E+01  0.3501E+02
   9.217  0.1403E+01  0.3502E+02
   9.227  0.1386E+01  0.3504E+02
   9.237  0.1369E+01  0.3505E+02
   9.247  0.1352E+01  0.3507E+02
   9.257  0.1336E+01  0.3508E+02
   9.267  0.1320E+01  0.3509E+02
   9.277  0.1304E+01  0.3511E+02
   9.287  0.1290E+01  0.3512E+02
   9.297  0.1313E+01  0.3513E+02
   9.307  0.1304E+01  0.3514E+02
   9.317  0.1282E+01  0.3516E+02
   9.327  0.1262E+01  0.3517E+02
   9.337  0.1242E+01  0.3518E+02
   9.347  0.1222E+01  0.3519E+02
   9.357  0.1203E+01  0.3521E+02
   9.367  0.1184E+01  0.3522E+02
   9.377  0.1165E+01  0.3523E+02
   9.387  0.1148E+01  0.3524E+02
   9.397  0.1135E+01  0.3525E+02
   9.407  0.1122E+01  0.3526E+02
   9.417  0.1109E+01  0.3528E+02
   9.427  0.1093E+01  0.3529E+02
   9.437  0.1075E+01  0.3530E+02
   9.447  0.1056E+01  0.3531E+02
   9.457  0.1036E+01  0.3532E+02
   9.467  0.1015E+01  0.3533E+02
   9.477  0.9954E+00  0.3534E+02
   9.487  0.9755E+00  0.3535E+02
   9.497  0.9559E+00  0.3536E+02
   9.507  0.9389E+00  0.3537E+02
   9.517  0.9242E+00  0.3538E+02
   9.527  0.9075E+00  0.3539E+02
   9.537  0.8912E+00  0.3539E+02
   9.547  0.8758E+00  0.3540E+02
   9.557  0.8638E+00  0.3541E+02
   9.567  0.8513E+00  0.3542E+02
   9.577  0.8377E+00  0.3543E+02
   9.587  0.8231E+00  0.3544E+02
   9.597  0.8077E+00  0.3544E+02
   9.607  0.7919E+00  0.3545E+02
   9.617  0.7752E+00  0.3546E+02
   9.627  0.7580E+00  0.3547E+02
   9.637  0.7402E+00  0.3548E+02
   9.647  0.7219E+00  0.3548E+02
   9.657  0.7033E+00  0.3549E+02
   9.667  0.6934E+00  0.3550E+02
   9.677  0.6840E+00  0.3550E+02
   9.687  0.6741E+00  0.3551E+02
   9.697  0.6639E+00  0.3552E+02
   9.707  0.6534E+00  0.3552E+02
   9.717  0.6393E+00  0.3553E+02
   9.727  0.6157E+00  0.3554E+02
   9.737  0.5920E+00  0.3554E+02
   9.747  0.5686E+00  0.3555E+02
   9.757  0.5439E+00  0.3555E+02
   9.767  0.5182E+00  0.3556E+02
   9.777  0.4912E+00  0.3556E+02
   9.787  0.4631E+00  0.3557E+02
   9.797  0.4340E+00  0.3557E+02
   9.807  0.4052E+00  0.3558E+02
   9.817  0.3770E+00  0.3558E+02
   9.827  0.3500E+00  0.3558E+02
   9.837  0.3244E+00  0.3559E+02
   9.847  0.2997E+00  0.3559E+02
   9.857  0.2985E+00  0.3559E+02
   9.867  0.2926E+00  0.3560E+02
   9.877  0.2818E+00  0.3560E+02
   9.887  0.2662E+00  0.3560E+02
   9.897  0.2345E+00  0.3560E+02
   9.907  0.1725E+00  0.3560E+02
   9.917  0.1116E+00  0.3561E+02
   9.927  0.6212E-01  0.3561E+02
   9.937  0.2703E-01  0.3561E+02
   9.947  0.6330E-02  0.3561E+02
   9.957  0.0000E+00  0.3561E+02
   9.967  0.0000E+00  0.3561E+02
   9.977  0.0000E+00  0.3561E+02
   9.987  0.0000E+00  0.3561E+02
   9.997  0.0000E+00  0.3561E+02
  10.007  0.0000E+00  0.3561E+02
  10.017  0.0000E+00  0.3561E+02
  10.027  0.0000E+00  0.3561E+02
  10.037  0.0000E+00  0.3561E+02
  10.047  0.0000E+00  0.3561E+02
  10.057  0.0000E+00  0.3561E+02
  10.067  0.0000E+00  0.3561E+02
  10.077  0.0000E+00  0.3561E+02
  10.087  0.0000E+00  0.3561E+02
  10.097  0.0000E+00  0.3561E+02
  10.107  0.0000E+00  0.3561E+02
  10.117  0.0000E+00  0.3561E+02
  10.127  0.0000E+00  0.3561E+02
  10.137  0.0000E+00  0.3561E+02
  10.147  0.0000E+00  0.3561E+02
  10.157  0.0000E+00  0.3561E+02
  10.167  0.0000E+00  0.3561E+02
  10.177  0.0000E+00  0.3561E+02
  10.187  0.0000E+00  0.3561E+02
  10.197  0.0000E+00  0.3561E+02
  10.207  0.0000E+00  0.3561E+02
  10.217  0.0000E+00  0.3561E+02
  10.227  0.0000E+00  0.3561E+02
  10.237  0.0000E+00  0.3561E+02
  10.247  0.0000E+00  0.3561E+02
  10.257  0.0000E+00  0.3561E+02
  10.267  0.0000E+00  0.3561E+02
  10.277  0.0000E+00  0.3561E+02
  10.287  0.0000E+00  0.3561E+02
  10.297  0.0000E+00  0.3561E+02
  10.307  0.0000E+00  0.3561E+02
  10.317  0.0000E+00  0.3561E+02
  10.327  0.0000E+00  0.3561E+02
  10.337  0.0000E+00  0.3561E+02
  10.347  0.0000E+00  0.3561E+02
  10.357  0.0000E+00  0.3561E+02
  10.367  0.0000E+00  0.3561E+02
  10.377  0.0000E+00  0.3561E+02
  10.387  0.0000E+00  0.3561E+02
  10.397  0.0000E+00  0.3561E+02
  10.407  0.0000E+00  0.3561E+02
  10.417  0.0000E+00  0.3561E+02
  10.427  0.0000E+00  0.3561E+02
  10.437  0.0000E+00  0.3561E+02
  10.447  0.0000E+00  0.3561E+02
  10.457  0.0000E+00  0.3561E+02
  10.467  0.0000E+00  0.3561E+02
  10.477  0.0000E+00  0.3561E+02
  10.487  0.0000E+00  0.3561E+02
  10.497  0.0000E+00  0.3561E+02
  10.507  0.0000E+00  0.3561E+02
  10.517  0.0000E+00  0.3561E+02
  10.527  0.0000E+00  0.3561E+02
  10.537  0.0000E+00  0.3561E+02
  10.547  0.0000E+00  0.3561E+02
  10.557  0.0000E+00  0.3561E+02
  10.567  0.0000E+00  0.3561E+02
  10.577  0.0000E+00  0.3561E+02
  10.587  0.0000E+00  0.3561E+02
  10.597  0.0000E+00  0.3561E+02
  10.607  0.0000E+00  0.3561E+02
  10.617  0.0000E+00  0.3561E+02
  10.627  0.0000E+00  0.3561E+02
  10.637  0.0000E+00  0.3561E+02
  10.647  0.0000E+00  0.3561E+02
  10.657  0.0000E+00  0.3561E+02
  10.667  0.0000E+00  0.3561E+02
  10.677  0.0000E+00  0.3561E+02
  10.687  0.0000E+00  0.3561E+02
  10.697  0.0000E+00  0.3561E+02
  10.707  0.0000E+00  0.3561E+02
  10.717  0.0000E+00  0.3561E+02
  10.727  0.0000E+00  0.3561E+02
  10.737  0.0000E+00  0.3561E+02
  10.747  0.0000E+00  0.3561E+02
  10.757  0.0000E+00  0.3561E+02
  10.767  0.0000E+00  0.3561E+02
  10.777  0.0000E+00  0.3561E+02
  10.787  0.0000E+00  0.3561E+02
  10.797  0.0000E+00  0.3561E+02
  10.807  0.0000E+00  0.3561E+02
  10.817  0.0000E+00  0.3561E+02
  10.827  0.0000E+00  0.3561E+02
  10.837  0.0000E+00  0.3561E+02
  10.847  0.0000E+00  0.3561E+02
  10.857  0.0000E+00  0.3561E+02
  10.867  0.0000E+00  0.3561E+02
  10.877  0.0000E+00  0.3561E+02
  10.887  0.0000E+00  0.3561E+02
  10.897  0.0000E+00  0.3561E+02
  10.907  0.0000E+00  0.3561E+02
  10.917  0.0000E+00  0.3561E+02
  10.927  0.0000E+00  0.3561E+02
  10.937  0.0000E+00  0.3561E+02
  10.947  0.0000E+00  0.3561E+02
  10.957  0.0000E+00  0.3561E+02
  10.967  0.0000E+00  0.3561E+02
  10.977  0.0000E+00  0.3561E+02
  10.987  0.0000E+00  0.3561E+02
  10.997  0.0000E+00  0.3561E+02
  11.007  0.0000E+00  0.3561E+02
  11.017  0.0000E+00  0.3561E+02
  11.027  0.0000E+00  0.3561E+02
  11.037  0.0000E+00  0.3561E+02
  11.047  0.0000E+00  0.3561E+02
  11.057  0.0000E+00  0.3561E+02
  11.067  0.0000E+00  0.3561E+02
  11.077  0.0000E+00  0.3561E+02
  11.087  0.0000E+00  0.3561E+02
  11.097  0.0000E+00  0.3561E+02
  11.107  0.0000E+00  0.3561E+02
  11.117  0.0000E+00  0.3561E+02
  11.127  0.0000E+00  0.3561E+02
  11.137  0.0000E+00  0.3561E+02
  11.147  0.0000E+00  0.3561E+02
  11.157  0.0000E+00  0.3561E+02
  11.167  0.0000E+00  0.3561E+02
  11.177  0.0000E+00  0.3561E+02
  11.187  0.0000E+00  0.3561E+02
  11.197  0.0000E+00  0.3561E+02
  11.207  0.0000E+00  0.3561E+02
  11.217  0.0000E+00  0.3561E+02
  11.227  0.0000E+00  0.3561E+02
  11.237  0.0000E+00  0.3561E+02
  11.247  0.0000E+00  0.3561E+02
  11.257  0.0000E+00  0.3561E+02
  11.267  0.0000E+00  0.3561E+02
  11.277  0.0000E+00  0.3561E+02
  11.287  0.0000E+00  0.3561E+02
  11.297  0.0000E+00  0.3561E+02
  11.307  0.0000E+00  0.3561E+02
  11.317  0.0000E+00  0.3561E+02
  11.327  0.0000E+00  0.3561E+02
  11.337  0.0000E+00  0.3561E+02
  11.347  0.0000E+00  0.3561E+02
  11.357  0.0000E+00  0.3561E+02
  11.367  0.0000E+00  0.3561E+02
  11.377  0.0000E+00  0.3561E+02
  11.387  0.0000E+00  0.3561E+02
  11.397  0.0000E+00  0.3561E+02
  11.407  0.0000E+00  0.3561E+02
  11.417  0.0000E+00  0.3561E+02
  11.427  0.0000E+00  0.3561E+02
  11.437  0.0000E+00  0.3561E+02
  11.447  0.0000E+00  0.3561E+02
  11.457  0.0000E+00  0.3561E+02
  11.467  0.0000E+00  0.3561E+02
  11.477  0.0000E+00  0.3561E+02
  11.487  0.0000E+00  0.3561E+02
  11.497  0.0000E+00  0.3561E+02
  11.507  0.0000E+00  0.3561E+02
  11.517  0.0000E+00  0.3561E+02
  11.527  0.0000E+00  0.3561E+02
  11.537  0.0000E+00  0.3561E+02
  11.547  0.0000E+00  0.3561E+02
  11.557  0.0000E+00  0.3561E+02
  11.567  0.0000E+00  0.3561E+02
  11.577  0.0000E+00  0.3561E+02
  11.587  0.0000E+00  0.3561E+02
  11.597  0.0000E+00  0.3561E+02
  11.607  0.0000E+00  0.3561E+02
  11.617  0.0000E+00  0.3561E+02
  11.627  0.0000E+00  0.3561E+02
  11.637  0.0000E+00  0.3561E+02
  11.647  0.0000E+00  0.3561E+02
  11.657  0.0000E+00  0.3561E+02
  11.667  0.0000E+00  0.3561E+02
  11.677  0.0000E+00  0.3561E+02
  11.687  0.0000E+00  0.3561E+02
  11.697  0.0000E+00  0.3561E+02
  11.707  0.0000E+00  0.3561E+02
  11.717  0.0000E+00  0.3561E+02
  11.727  0.0000E+00  0.3561E+02
  11.737  0.0000E+00  0.3561E+02
  11.747  0.0000E+00  0.3561E+02
  11.757  0.0000E+00  0.3561E+02
  11.767  0.0000E+00  0.3561E+02
  11.777  0.0000E+00  0.3561E+02
  11.787  0.0000E+00  0.3561E+02
  11.797  0.0000E+00  0.3561E+02
  11.807  0.0000E+00  0.3561E+02
  11.817  0.0000E+00  0.3561E+02
  11.827  0.0000E+00  0.3561E+02
  11.837  0.0000E+00  0.3561E+02
  11.847  0.0000E+00  0.3561E+02
  11.857  0.0000E+00  0.3561E+02
  11.867  0.0000E+00  0.3561E+02
  11.877  0.0000E+00  0.3561E+02
  11.887  0.0000E+00  0.3561E+02
  11.897  0.0000E+00  0.3561E+02
  11.907  0.0000E+00  0.3561E+02
  11.917  0.0000E+00  0.3561E+02
  11.927  0.0000E+00  0.3561E+02
  11.937  0.0000E+00  0.3561E+02
  11.947  0.0000E+00  0.3561E+02
  11.957  0.6431E-05  0.3561E+02
  11.967  0.2967E-04  0.3561E+02
  11.977  0.6986E-04  0.3561E+02
  11.987  0.1270E-03  0.3561E+02
  11.997  0.2011E-03  0.3561E+02
  12.007  0.2921E-03  0.3561E+02
  12.017  0.4001E-03  0.3561E+02
  12.027  0.5250E-03  0.3561E+02
  12.037  0.6669E-03  0.3561E+02
  12.047  0.8257E-03  0.3561E+02
  12.057  0.1001E-02  0.3561E+02
  12.067  0.1194E-02  0.3561E+02
  12.077  0.1404E-02  0.3561E+02
  12.087  0.1630E-02  0.3561E+02
  12.097  0.1874E-02  0.3561E+02
  12.107  0.2135E-02  0.3561E+02
  12.117  0.2412E-02  0.3561E+02
  12.127  0.2706E-02  0.3561E+02
  12.137  0.3018E-02  0.3561E+02
  12.147  0.3346E-02  0.3561E+02
  12.157  0.3691E-02  0.3561E+02
  12.167  0.4054E-02  0.3561E+02
  12.177  0.4433E-02  0.3561E+02
  12.187  0.4829E-02  0.3561E+02
  12.197  0.5242E-02  0.3561E+02
  12.207  0.5672E-02  0.3561E+02
  12.217  0.6119E-02  0.3561E+02
  12.227  0.6583E-02  0.3561E+02
  12.237  0.7063E-02  0.3561E+02
  12.247  0.7561E-02  0.3561E+02
  12.257  0.8076E-02  0.3561E+02
  12.267  0.8608E-02  0.3561E+02
  12.277  0.9156E-02  0.3561E+02
  12.287  0.9722E-02  0.3561E+02
  12.297  0.1030E-01  0.3561E+02
  12.307  0.1090E-01  0.3561E+02
  12.317  0.1152E-01  0.3561E+02
  12.327  0.1215E-01  0.3561E+02
  12.337  0.1280E-01  0.3561E+02
  12.347  0.1347E-01  0.3561E+02
  12.357  0.1416E-01  0.3561E+02
  12.367  0.1486E-01  0.3561E+02
  12.377  0.1558E-01  0.3561E+02
  12.387  0.1633E-01  0.3561E+02
  12.397  0.1713E-01  0.3561E+02
  12.407  0.1798E-01  0.3561E+02
  12.417  0.1887E-01  0.3561E+02
  12.427  0.1980E-01  0.3561E+02
  12.437  0.2078E-01  0.3561E+02
  12.447  0.2181E-01  0.3561E+02
  12.457  0.2288E-01  0.3561E+02
  12.467  0.2399E-01  0.3561E+02
  12.477  0.2515E-01  0.3561E+02
  12.487  0.2635E-01  0.3561E+02
  12.497  0.2760E-01  0.3561E+02
  12.507  0.2889E-01  0.3561E+02
  12.517  0.3023E-01  0.3561E+02
  12.527  0.3119E-01  0.3561E+02
  12.537  0.3199E-01  0.3561E+02
  12.547  0.3278E-01  0.3561E+02
  12.557  0.3356E-01  0.3561E+02
  12.567  0.3433E-01  0.3561E+02
  12.577  0.3508E-01  0.3561E+02
  12.587  0.3583E-01  0.3561E+02
  12.597  0.3657E-01  0.3562E+02
  12.607  0.3729E-01  0.3562E+02
  12.617  0.3800E-01  0.3562E+02
  12.627  0.3871E-01  0.3562E+02
  12.637  0.3940E-01  0.3562E+02
  12.647  0.4008E-01  0.3562E+02
  12.657  0.4075E-01  0.3562E+02
  12.667  0.4141E-01  0.3562E+02
  12.677  0.4205E-01  0.3562E+02
  12.687  0.4269E-01  0.3562E+02
  12.697  0.4332E-01  0.3562E+02
  12.707  0.4393E-01  0.3562E+02
  12.717  0.4454E-01  0.3562E+02
  12.727  0.4513E-01  0.3562E+02
  12.737  0.4572E-01  0.3562E+02
  12.747  0.4629E-01  0.3562E+02
  12.757  0.4685E-01  0.3562E+02
  12.767  0.4740E-01  0.3562E+02
  12.777  0.4794E-01  0.3562E+02
  12.787  0.4847E-01  0.3562E+02
  12.797  0.4899E-01  0.3562E+02
  12.807  0.4949E-01  0.3562E+02
  12.817  0.5001E-01  0.3562E+02
  12.827  0.5087E-01  0.3563E+02
  12.837  0.5174E-01  0.3563E+02
  12.847  0.5261E-01  0.3563E+02
  12.857  0.5348E-01  0.3563E+02
  12.867  0.5437E-01  0.3563E+02
  12.877  0.5525E-01  0.3563E+02
  12.887  0.5615E-01  0.3563E+02
  12.897  0.5705E-01  0.3563E+02
  12.907  0.5795E-01  0.3563E+02
  12.917  0.5886E-01  0.3563E+02
  12.927  0.5978E-01  0.3563E+02
  12.937  0.6070E-01  0.3563E+02
  12.947  0.6163E-01  0.3563E+02
  12.957  0.6256E-01  0.3563E+02
  12.967  0.6350E-01  0.3563E+02
  12.977  0.6445E-01  0.3563E+02
  12.987  0.6540E-01  0.3563E+02
  12.997  0.6635E-01  0.3564E+02
  13.007  0.6732E-01  0.3564E+02
  13.017  0.6828E-01  0.3564E+02
  13.027  0.6926E-01  0.3564E+02
  13.037  0.7024E-01  0.3564E+02
  13.047  0.7122E-01  0.3564E+02
  13.057  0.7221E-01  0.3564E+02
  13.067  0.7321E-01  0.3564E+02
  13.077  0.7421E-01  0.3564E+02
  13.087  0.7522E-01  0.3564E+02
  13.097  0.7623E-01  0.3564E+02
  13.107  0.7725E-01  0.3564E+02
  13.117  0.7827E-01  0.3564E+02
  13.127  0.7931E-01  0.3564E+02
  13.137  0.8034E-01  0.3565E+02
  13.147  0.8138E-01  0.3565E+02
  13.157  0.8243E-01  0.3565E+02
  13.167  0.8348E-01  0.3565E+02
  13.177  0.8454E-01  0.3565E+02
  13.187  0.8561E-01  0.3565E+02
  13.197  0.8668E-01  0.3565E+02
  13.207  0.8775E-01  0.3565E+02
  13.217  0.8883E-01  0.3565E+02
  13.227  0.8992E-01  0.3565E+02
  13.237  0.9102E-01  0.3565E+02
  13.247  0.9213E-01  0.3566E+02
  13.257  0.9325E-01  0.3566E+02
  13.267  0.9438E-01  0.3566E+02
  13.277  0.9553E-01  0.3566E+02
  13.287  0.9669E-01  0.3566E+02
  13.297  0.9786E-01  0.3566E+02
  13.307  0.9904E-01  0.3566E+02
  13.317  0.1002E+00  0.3566E+02
  13.327  0.1014E+00  0.3566E+02
  13.337  0.1027E+00  0.3566E+02
  13.347  0.1039E+00  0.3566E+02
  13.357  0.1051E+00  0.3567E+02
  13.367  0.1064E+00  0.3567E+02
  13.377  0.1077E+00  0.3567E+02
  13.387  0.1089E+00  0.3567E+02
  13.397  0.1102E+00  0.3567E+02
  13.407  0.1115E+00  0.3567E+02
  13.417  0.1129E+00  0.3567E+02
  13.427  0.1144E+00  0.3567E+02
  13.437  0.1163E+00  0.3567E+02
  13.447  0.1185E+00  0.3568E+02
  13.457  0.1209E+00  0.3568E+02
  13.467  0.1226E+00  0.3568E+02
  13.477  0.1244E+00  0.3568E+02
  13.487  0.1261E+00  0.3568E+02
  13.497  0.1279E+00  0.3568E+02
  13.507  0.1296E+00  0.3568E+02
  13.517  0.1313E+00  0.3568E+02
  13.527  0.1331E+00  0.3569E+02
  13.537  0.1348E+00  0.3569E+02
  13.547  0.1365E+00  0.3569E+02
  13.557  0.1383E+00  0.3569E+02
  13.567  0.1400E+00  0.3569E+02
  13.577  0.1417E+00  0.3569E+02
  13.587  0.1434E+00  0.3569E+02
  13.597  0.1451E+00  0.3570E+02
  13.607  0.1469E+00  0.3570E+02
  13.617  0.1486E+00  0.3570E+02
  13.627  0.1503E+00  0.3570E+02
  13.637  0.1520E+00  0.3570E+02
  13.647  0.1538E+00  0.3570E+02
  13.657  0.1555E+00  0.3571E+02
  13.667  0.1573E+00  0.3571E+02
  13.677  0.1591E+00  0.3571E+02
  13.687  0.1609E+00  0.3571E+02
  13.697  0.1627E+00  0.3571E+02
  13.707  0.1645E+00  0.3571E+02
  13.717  0.1664E+00  0.3571E+02
  13.727  0.1682E+00  0.3572E+02
  13.737  0.1701E+00  0.3572E+02
  13.747  0.1720E+00  0.3572E+02
  13.757  0.1739E+00  0.3572E+02
  13.767  0.1758E+00  0.3572E+02
  13.777  0.1777E+00  0.3573E+02
  13.787  0.1797E+00  0.3573E+02
  13.797  0.1816E+00  0.3573E+02
  13.807  0.1836E+00  0.3573E+02
  13.817  0.1856E+00  0.3573E+02
  13.827  0.1876E+00  0.3573E+02
  13.837  0.1896E+00  0.3574E+02
  13.847  0.1917E+00  0.3574E+02
  13.857  0.1937E+00  0.3574E+02
  13.867  0.1959E+00  0.3574E+02
  13.877  0.1980E+00  0.3574E+02
  13.887  0.2002E+00  0.3575E+02
  13.897  0.2024E+00  0.3575E+02
  13.907  0.2046E+00  0.3575E+02
  13.917  0.2069E+00  0.3575E+02
  13.927  0.2093E+00  0.3575E+02
  13.937  0.2117E+00  0.3576E+02
  13.947  0.2143E+00  0.3576E+02
  13.957  0.2169E+00  0.3576E+02
  13.967  0.2196E+00  0.3576E+02
  13.977  0.2224E+00  0.3577E+02
  13.987  0.2253E+00  0.3577E+02
  13.997  0.2283E+00  0.3577E+02
  14.007  0.2313E+00  0.3577E+02
  14.017  0.2344E+00  0.3577E+02
  14.027  0.2376E+00  0.3578E+02
  14.037  0.2409E+00  0.3578E+02
  14.047  0.2443E+00  0.3578E+02
  14.057  0.2478E+00  0.3578E+02
  14.067  0.2514E+00  0.3579E+02
  14.077  0.2550E+00  0.3579E+02
  14.087  0.2588E+00  0.3579E+02
  14.097  0.2626E+00  0.3579E+02
  14.107  0.2666E+00  0.3580E+02
  14.117  0.2709E+00  0.3580E+02
  14.127  0.2765E+00  0.3580E+02
  14.137  0.2835E+00  0.3581E+02
  14.147  0.2922E+00  0.3581E+02
  14.157  0.3024E+00  0.3581E+02
  14.167  0.3142E+00  0.3581E+02
  14.177  0.3275E+00  0.3582E+02
  14.187  0.3422E+00  0.3582E+02
  14.197  0.3584E+00  0.3582E+02
  14.207  0.3760E+00  0.3583E+02
  14.217  0.3948E+00  0.3583E+02
  14.227  0.4145E+00  0.3584E+02
  14.237  0.4350E+00  0.3584E+02
  14.247  0.4564E+00  0.3585E+02
  14.257  0.4787E+00  0.3585E+02
  14.267  0.5018E+00  0.3586E+02
  14.277  0.5257E+00  0.3586E+02
  14.287  0.5506E+00  0.3587E+02
  14.297  0.5765E+00  0.3587E+02
  14.307  0.6036E+00  0.3588E+02
  14.317  0.6308E+00  0.3588E+02
  14.327  0.6572E+00  0.3589E+02
  14.337  0.6827E+00  0.3590E+02
  14.347  0.7086E+00  0.3590E+02
  14.357  0.7363E+00  0.3591E+02
  14.367  0.7656E+00  0.3592E+02
  14.377  0.7966E+00  0.3593E+02
  14.387  0.8292E+00  0.3594E+02
  14.397  0.8636E+00  0.3594E+02
  14.407  0.9003E+00  0.3595E+02
  14.417  0.9425E+00  0.3596E+02
  14.427  0.9904E+00  0.3597E+02
  14.437  0.1035E+01  0.3598E+02
  14.447  0.1075E+01  0.3599E+02
  14.457  0.1112E+01  0.3601E+02
  14.467  0.1144E+01  0.3602E+02
  14.477  0.1173E+01  0.3603E+02
  14.487  0.1200E+01  0.3604E+02
  14.497  0.1226E+01  0.3605E+02
  14.507  0.1251E+01  0.3607E+02
  14.517  0.1274E+01  0.3608E+02
  14.527  0.1297E+01  0.3609E+02
  14.537  0.1318E+01  0.3610E+02
  14.547  0.1338E+01  0.3612E+02
  14.557  0.1356E+01  0.3613E+02
  14.567  0.1374E+01  0.3614E+02
  14.577  0.1390E+01  0.3616E+02
  14.587  0.1406E+01  0.3617E+02
  14.597  0.1421E+01  0.3619E+02
  14.607  0.1435E+01  0.3620E+02
  14.617  0.1448E+01  0.3622E+02
  14.627  0.1458E+01  0.3623E+02
  14.637  0.1468E+01  0.3624E+02
  14.647  0.1476E+01  0.3626E+02
  14.657  0.1482E+01  0.3627E+02
  14.667  0.1488E+01  0.3629E+02
  14.677  0.1492E+01  0.3630E+02
  14.687  0.1500E+01  0.3632E+02
  14.697  0.1507E+01  0.3633E+02
  14.707  0.1505E+01  0.3635E+02
  14.717  0.1504E+01  0.3636E+02
  14.727  0.1503E+01  0.3638E+02
  14.737  0.1498E+01  0.3639E+02
  14.747  0.1494E+01  0.3641E+02
  14.757  0.1490E+01  0.3642E+02
  14.767  0.1490E+01  0.3644E+02
  14.777  0.1490E+01  0.3645E+02
  14.787  0.1492E+01  0.3647E+02
  14.797  0.1494E+01  0.3648E+02
  14.807  0.1496E+01  0.3650E+02
  14.817  0.1481E+01  0.3651E+02
  14.827  0.1486E+01  0.3653E+02
  14.837  0.1491E+01  0.3654E+02
  14.847  0.1496E+01  0.3656E+02
  14.857  0.1501E+01  0.3657E+02
  14.867  0.1506E+01  0.3659E+02
  14.877  0.1513E+01  0.3660E+02
  14.887  0.1520E+01  0.3662E+02
  14.897  0.1527E+01  0.3663E+02
  14.907  0.1534E+01  0.3665E+02
  14.917  0.1542E+01  0.3666E+02
  14.927  0.1549E+01  0.3668E+02
  14.937  0.1556E+01  0.3670E+02
  14.947  0.1564E+01  0.3671E+02
  14.957  0.1571E+01  0.3673E+02
  14.967  0.1578E+01  0.3674E+02
  14.977  0.1585E+01  0.3676E+02
  14.987  0.1593E+01  0.3677E+02
  14.997  0.1600E+01  0.3679E+02
  15.007  0.1608E+01  0.3681E+02
  15.017  0.1616E+01  0.3682E+02
  15.027  0.1623E+01  0.3684E+02
  15.037  0.1631E+01  0.3686E+02
  15.047  0.1638E+01  0.3687E+02
  15.057  0.1644E+01  0.3689E+02
  15.067  0.1640E+01  0.3690E+02
  15.077  0.1636E+01  0.3692E+02
  15.087  0.1633E+01  0.3694E+02
  15.097  0.1635E+01  0.3695E+02
  15.107  0.1638E+01  0.3697E+02
  15.117  0.1642E+01  0.3699E+02
  15.127  0.1647E+01  0.3700E+02
  15.137  0.1659E+01  0.3702E+02
  15.147  0.1671E+01  0.3704E+02
  15.157  0.1684E+01  0.3705E+02
  15.167  0.1696E+01  0.3707E+02
  15.177  0.1710E+01  0.3709E+02
  15.187  0.1724E+01  0.3710E+02
  15.197  0.1739E+01  0.3712E+02
  15.207  0.1754E+01  0.3714E+02
  15.217  0.1770E+01  0.3716E+02
  15.227  0.1788E+01  0.3718E+02
  15.237  0.1808E+01  0.3719E+02
  15.247  0.1830E+01  0.3721E+02
  15.257  0.1854E+01  0.3723E+02
  15.267  0.1880E+01  0.3725E+02
  15.277  0.1908E+01  0.3727E+02
  15.287  0.1938E+01  0.3729E+02
  15.297  0.1975E+01  0.3731E+02
  15.307  0.2018E+01  0.3733E+02
  15.317  0.2029E+01  0.3735E+02
  15.327  0.2014E+01  0.3737E+02
  15.337  0.2005E+01  0.3739E+02
  15.347  0.2024E+01  0.3741E+02
  15.357  0.2043E+01  0.3743E+02
  15.367  0.2061E+01  0.3745E+02
  15.377  0.2080E+01  0.3747E+02
  15.387  0.2098E+01  0.3749E+02
  15.397  0.2116E+01  0.3751E+02
  15.407  0.2133E+01  0.3753E+02
  15.417  0.2151E+01  0.3755E+02
  15.427  0.2168E+01  0.3758E+02
  15.437  0.2173E+01  0.3760E+02
  15.447  0.2172E+01  0.3762E+02
  15.457  0.2177E+01  0.3764E+02
  15.467  0.2181E+01  0.3766E+02
  15.477  0.2186E+01  0.3769E+02
  15.487  0.2191E+01  0.3771E+02
  15.497  0.2195E+01  0.3773E+02
  15.507  0.2200E+01  0.3775E+02
  15.517  0.2189E+01  0.3777E+02
  15.527  0.2177E+01  0.3779E+02
  15.537  0.2164E+01  0.3782E+02
  15.547  0.2151E+01  0.3784E+02
  15.557  0.2136E+01  0.3786E+02
  15.567  0.2116E+01  0.3788E+02
  15.577  0.2102E+01  0.3790E+02
  15.587  0.2093E+01  0.3792E+02
  15.597  0.2097E+01  0.3794E+02
  15.607  0.2105E+01  0.3796E+02
  15.617  0.2109E+01  0.3799E+02
  15.627  0.2109E+01  0.3801E+02
  15.637  0.2106E+01  0.3803E+02
  15.647  0.2102E+01  0.3805E+02
  15.657  0.2096E+01  0.3807E+02
  15.667  0.2090E+01  0.3809E+02
  15.677  0.2082E+01  0.3811E+02
  15.687  0.2072E+01  0.3813E+02
  15.697  0.2060E+01  0.3815E+02
  15.707  0.2047E+01  0.3817E+02
  15.717  0.2032E+01  0.3819E+02
  15.727  0.2013E+01  0.3821E+02
  15.737  0.1997E+01  0.3823E+02
  15.747  0.1992E+01  0.3825E+02
  15.757  0.1983E+01  0.3827E+02
  15.767  0.1967E+01  0.3829E+02
  15.777  0.1946E+01  0.3831E+02
  15.787  0.1892E+01  0.3833E+02
  15.797  0.1797E+01  0.3835E+02
  15.807  0.1750E+01  0.3837E+02
  15.817  0.1741E+01  0.3838E+02
  15.827  0.1733E+01  0.3840E+02
  15.837  0.1725E+01  0.3842E+02
  15.847  0.1727E+01  0.3844E+02
  15.857  0.1741E+01  0.3845E+02
  15.867  0.1730E+01  0.3847E+02
  15.877  0.1645E+01  0.3849E+02
  15.887  0.1629E+01  0.3850E+02
  15.897  0.1614E+01  0.3852E+02
  15.907  0.1601E+01  0.3854E+02
  15.917  0.1589E+01  0.3855E+02
  15.927  0.1579E+01  0.3857E+02
  15.937  0.1569E+01  0.3858E+02
  15.947  0.1562E+01  0.3860E+02
  15.957  0.1556E+01  0.3861E+02
  15.967  0.1552E+01  0.3863E+02
  15.977  0.1549E+01  0.3865E+02
  15.987  0.1547E+01  0.3866E+02
  15.997  0.1548E+01  0.3868E+02
  16.007  0.1551E+01  0.3869E+02
  16.017  0.1555E+01  0.3871E+02
  16.027  0.1560E+01  0.3872E+02
  16.037  0.1565E+01  0.3874E+02
  16.047  0.1580E+01  0.3875E+02
  16.057  0.1608E+01  0.3877E+02
  16.067  0.1587E+01  0.3879E+02
  16.077  0.1570E+01  0.3880E+02
  16.087  0.1559E+01  0.3882E+02
  16.097  0.1552E+01  0.3883E+02
  16.107  0.1549E+01  0.3885E+02
  16.117  0.1549E+01  0.3886E+02
  16.127  0.1548E+01  0.3888E+02
  16.137  0.1547E+01  0.3889E+02
  16.147  0.1545E+01  0.3891E+02
  16.157  0.1544E+01  0.3893E+02
  16.167  0.1541E+01  0.3894E+02
  16.177  0.1536E+01  0.3896E+02
  16.187  0.1526E+01  0.3897E+02
  16.197  0.1514E+01  0.3899E+02
  16.207  0.1497E+01  0.3900E+02
  16.217  0.1460E+01  0.3902E+02
  16.227  0.1432E+01  0.3903E+02
  16.237  0.1405E+01  0.3904E+02
  16.247  0.1379E+01  0.3906E+02
  16.257  0.1355E+01  0.3907E+02
  16.267  0.1331E+01  0.3909E+02
  16.277  0.1310E+01  0.3910E+02
  16.287  0.1291E+01  0.3911E+02
  16.297  0.1276E+01  0.3912E+02
  16.307  0.1264E+01  0.3914E+02
  16.317  0.1256E+01  0.3915E+02
  16.327  0.1249E+01  0.3916E+02
  16.337  0.1242E+01  0.3917E+02
  16.347  0.1236E+01  0.3919E+02
  16.357  0.1230E+01  0.3920E+02
  16.367  0.1224E+01  0.3921E+02
  16.377  0.1239E+01  0.3922E+02
  16.387  0.1260E+01  0.3924E+02
  16.397  0.1283E+01  0.3925E+02
  16.407  0.1318E+01  0.3926E+02
  16.417  0.1353E+01  0.3928E+02
  16.427  0.1387E+01  0.3929E+02
  16.437  0.1422E+01  0.3930E+02
  16.447  0.1456E+01  0.3932E+02
  16.457  0.1446E+01  0.3933E+02
  16.467  0.1400E+01  0.3935E+02
  16.477  0.1364E+01  0.3936E+02
  16.487  0.1305E+01  0.3937E+02
  16.497  0.1234E+01  0.3939E+02
  16.507  0.1152E+01  0.3940E+02
  16.517  0.1071E+01  0.3941E+02
  16.527  0.1028E+01  0.3942E+02
  16.537  0.1005E+01  0.3943E+02
  16.547  0.9836E+00  0.3944E+02
  16.557  0.9626E+00  0.3945E+02
  16.567  0.9425E+00  0.3946E+02
  16.577  0.9233E+00  0.3947E+02
  16.587  0.9050E+00  0.3948E+02
  16.597  0.8875E+00  0.3948E+02
  16.607  0.8708E+00  0.3949E+02
  16.617  0.8549E+00  0.3950E+02
  16.627  0.8397E+00  0.3951E+02
  16.637  0.8253E+00  0.3952E+02
  16.647  0.8109E+00  0.3953E+02
  16.657  0.7976E+00  0.3953E+02
  16.667  0.7856E+00  0.3954E+02
  16.677  0.7751E+00  0.3955E+02
  16.687  0.7662E+00  0.3956E+02
  16.697  0.7589E+00  0.3957E+02
  16.707  0.7531E+00  0.3957E+02
  16.717  0.7486E+00  0.3958E+02
  16.727  0.7458E+00  0.3959E+02
  16.737  0.7452E+00  0.3960E+02
  16.747  0.7468E+00  0.3960E+02
  16.757  0.7506E+00  0.3961E+02
  16.767  0.7566E+00  0.3962E+02
  16.777  0.7739E+00  0.3963E+02
  16.787  0.7889E+00  0.3963E+02
  16.797  0.7983E+00  0.3964E+02
  16.807  0.8023E+00  0.3965E+02
  16.817  0.8021E+00  0.3966E+02
  16.827  0.8009E+00  0.3967E+02
  16.837  0.7991E+00  0.3967E+02
  16.847  0.7966E+00  0.3968E+02
  16.857  0.7944E+00  0.3969E+02
  16.867  0.7920E+00  0.3970E+02
  16.877  0.7893E+00  0.3971E+02
  16.887  0.7865E+00  0.3971E+02
  16.897  0.7862E+00  0.3972E+02
  16.907  0.7926E+00  0.3973E+02
  16.917  0.8032E+00  0.3974E+02
  16.927  0.8142E+00  0.3975E+02
  16.937  0.8256E+00  0.3975E+02
  16.947  0.8366E+00  0.3976E+02
  16.957  0.8473E+00  0.3977E+02
  16.967  0.8576E+00  0.3978E+02
  16.977  0.8675E+00  0.3979E+02
  16.987  0.8789E+00  0.3980E+02
  16.997  0.8933E+00  0.3981E+02
  17.007  0.9108E+00  0.3981E+02
  17.017  0.9309E+00  0.3982E+02
  17.027  0.9525E+00  0.3983E+02
  17.037  0.9755E+00  0.3984E+02
  17.047  0.9999E+00  0.3985E+02
  17.057  0.1037E+01  0.3986E+02
  17.067  0.1082E+01  0.3987E+02
  17.077  0.1126E+01  0.3989E+02
  17.087  0.1169E+01  0.3990E+02
  17.097  0.1212E+01  0.3991E+02
  17.107  0.1254E+01  0.3992E+02
  17.117  0.1293E+01  0.3993E+02
  17.127  0.1320E+01  0.3995E+02
  17.137  0.1344E+01  0.3996E+02
  17.147  0.1367E+01  0.3998E+02
  17.157  0.1388E+01  0.3999E+02
  17.167  0.1408E+01  0.4000E+02
  17.177  0.1427E+01  0.4002E+02
  17.187  0.1445E+01  0.4003E+02
  17.197  0.1462E+01  0.4005E+02
  17.207  0.1478E+01  0.4006E+02
  17.217  0.1493E+01  0.4008E+02
  17.227  0.1508E+01  0.4009E+02
  17.237  0.1523E+01  0.4011E+02
  17.247  0.1536E+01  0.4012E+02
  17.257  0.1547E+01  0.4014E+02
  17.267  0.1554E+01  0.4015E+02
  17.277  0.1565E+01  0.4017E+02
  17.287  0.1581E+01  0.4018E+02
  17.297  0.1601E+01  0.4020E+02
  17.307  0.1622E+01  0.4022E+02
