 &plot nbnd=  22, nks=     8 /
            0.000000  0.000000  0.000000
   -6.173   -5.214   -3.560   -3.538   -3.538   -3.474   -3.474   -3.280   -3.280   -3.177
   -3.177   -1.926    2.756    8.882    8.882    9.892    9.956    9.956   11.948   14.289
   19.234   19.910
            0.500000  0.288675  0.000000
   -5.234   -5.045   -3.491   -3.465   -3.367   -3.323   -3.272   -3.265   -3.186   -3.150
   -2.043   -1.506    3.422    4.620    5.641    7.143    7.667    8.951   15.054   15.593
   16.048   18.656
            0.333000  0.576773  0.000000
   -5.090   -5.090   -3.545   -3.329   -3.329   -3.309   -3.295   -3.295   -3.246   -3.197
   -1.504   -1.501    4.559    4.560    4.567    6.878    6.886    7.205   15.095   17.863
   17.868   18.424
            0.000000  0.000000  0.000000
   -6.173   -5.214   -3.560   -3.538   -3.538   -3.474   -3.474   -3.280   -3.280   -3.177
   -3.177   -1.926    2.756    8.882    8.882    9.892    9.956    9.956   11.948   14.289
   19.234   19.910
            0.000000  0.000000  0.307503
   -5.590   -5.590   -3.517   -3.517   -3.517   -3.517   -3.218   -3.218   -3.218   -3.218
   -3.214   -3.214    6.055    6.055    9.405    9.405    9.405    9.405   14.273   14.273
   18.522   18.522
            0.500000  0.288675  0.307503
   -5.086   -5.086   -3.494   -3.494   -3.362   -3.362   -3.249   -3.249   -3.179   -3.179
   -1.818   -1.818    3.265    3.265    7.971    7.971    8.003    8.003   14.395   14.395
   17.830   17.830
            0.333000  0.576773  0.307503
   -5.043   -5.043   -3.419   -3.419   -3.400   -3.400   -3.258   -3.258   -3.233   -3.233
   -1.489   -1.489    3.712    3.712    5.685    5.685    8.424    8.424   16.470   16.470
   17.308   17.308
            0.000000  0.000000  0.307503
   -5.590   -5.590   -3.517   -3.517   -3.517   -3.517   -3.218   -3.218   -3.218   -3.218
   -3.214   -3.214    6.055    6.055    9.405    9.405    9.405    9.405   14.273   14.273
   18.522   18.522
